Symbol,Date,Open,High,Low,Close,Volume
AAL,31-Jan-2018,53.08,54.71,53,54.32,5962900
AAME,31-Jan-2018,3.75,3.75,3.75,3.75,0
AAOI,31-Jan-2018,33.01,33.37,32.14,32.39,701200
AAON,31-Jan-2018,36.2,36.6,35.675,36.4,190200
AAPL,31-Jan-2018,41.7175,42.11,41.625,41.8575,32478900
AAWW,31-Jan-2018,58.35,58.35,56.2,56.3,244400
AAXJ,31-Jan-2018,82.28,82.39,81.32,81.78,4074300
ABCB,31-Jan-2018,54.85,55.25,53.55,53.55,154400
ABEO,31-Jan-2018,15.5,15.66,15.05,15.25,996300
ABIO,31-Jan-2018,32.4,33.12,29.7,29.7,248200
ABMD,31-Jan-2018,236.1,237.31,233.49,235,332700
ABTX,31-Jan-2018,40.65,41,40,40.4,55400
ABUS,31-Jan-2018,5.15,5.22,5.05,5.1,76700
ACAD,31-Jan-2018,30.68,30.96,29.5,29.91,1155500
ACBI,31-Jan-2018,17.7,18.05,17.55,17.85,116400
ACER,31-Jan-2018,19.22,19.69,19.15,19.69,35900
ACET,31-Jan-2018,11.57,11.69,10.94,11.01,477200
ACGL,31-Jan-2018,30.29,30.4667,30.1567,30.3133,678800
ACGLO,31-Jan-2018,24.41,24.6,24.31,24.43,76300
ACHC,31-Jan-2018,34.54,34.84,33.77,34.08,775100
ACHV,31-Jan-2018,316,344,312,316,229700
ACIU,31-Jan-2018,13.5,13.5,13.2,13.36,44800
ACIW,31-Jan-2018,23.16,23.49,23.09,23.44,494500
ACLS,31-Jan-2018,26.1,26.65,25.7,25.9,370200
ACMR,31-Jan-2018,5.14,5.52,5.14,5.37,66800
ACNB,31-Jan-2018,30.25,30.5,30.2,30.25,3600
ACOR,31-Jan-2018,26.75,26.95,25.75,25.95,453100
ACRS,31-Jan-2018,22.65,22.65,21.76,22.12,399500
ACRX,31-Jan-2018,1.95,2,1.9,1.9,627800
ACST,31-Jan-2018,1.15,1.21,1.1,1.13,458400
ACT,31-Jan-2018,26.93,26.93,26.6,26.66,8400
ACTG,31-Jan-2018,3.85,4,3.6,3.65,213900
ACWI,31-Jan-2018,76.47,76.555,75.91,76.2,2062000
ACWX,31-Jan-2018,52.93,53.02,52.56,52.68,728500
ADAP,31-Jan-2018,8.86,8.94,8.44,8.63,397800
ADBE,31-Jan-2018,197.13,200.96,196.75,199.76,2747500
ADES,31-Jan-2018,8.12,8.44,7.97,8.06,123400
ADI,31-Jan-2018,91.89,92.55,91.42,91.88,3462000
ADMA,31-Jan-2018,3.81,3.81,3.37,3.72,158400
ADMP,31-Jan-2018,3.65,3.8,3.6,3.65,495800
ADMS,31-Jan-2018,39.73,39.8,36.91,37.84,757400
ADP,31-Jan-2018,120.27,125.24,120.27,123.63,3415800
ADRE,31-Jan-2018,48.19,48.9,47.88,48.08,12400
ADSK,31-Jan-2018,115.65,116.64,114.9,115.62,1119800
ADTN,31-Jan-2018,16.05,16.275,15.9,16,593400
ADUS,31-Jan-2018,36.05,37.195,35.7,35.85,42600
ADVM,31-Jan-2018,8.25,8.59,7.1,7.3,2638300
ADXS,31-Jan-2018,45.6,46.2,44.25,44.4,685100
AEHR,31-Jan-2018,2.66,2.66,2.56,2.6,67600
AEIS,31-Jan-2018,72.75,75.5,69.21,71.13,769800
AEMD,31-Jan-2018,23.85,24.45,22.2,22.5,439900
AERI,31-Jan-2018,56.35,56.625,54.5,54.85,373600
AEY,31-Jan-2018,1.5,1.55,1.45,1.48,28800
AEZS,31-Jan-2018,2.24,2.26,2.15,2.16,210200
AFMD,31-Jan-2018,1.35,1.375,1.3,1.325,181000
AGEN,31-Jan-2018,3.69,3.71,3.58,3.61,850800
AGFS,31-Jan-2018,7.62,7.7,7.45,7.54,114700
AGIO,31-Jan-2018,81.32,81.32,78.06,78.76,365400
AGLE,31-Jan-2018,7,7.2,6.4,6.48,92900
AGNC,31-Jan-2018,19.13,19.24,18.57,18.79,8018000
AGNCN,31-Jan-2018,25.45,25.45,25.15,25.44,74100
AGRX,31-Jan-2018,3.3,3.35,3.24,3.28,134000
AGTC,31-Jan-2018,5.2,5.505,4.8,4.95,145600
AGYS,31-Jan-2018,12.09,12.25,12,12,26900
AGZD,31-Jan-2018,48.3,48.33,48.22,48.33,1200
AHPA,31-Jan-2018,9.95,9.95,9.95,9.95,0
AHPAU,31-Jan-2018,10.45,10.45,10.45,10.45,0
AHPAW,31-Jan-2018,0.48,0.48,0.38,0.38,9400
AHPI,31-Jan-2018,2.09,2.16,2.05,2.08,18800
AIA,31-Jan-2018,72.22,72.29,71.35,71.79,180600
AIMC,31-Jan-2018,53,53.35,52.25,52.4,96700
AINV,31-Jan-2018,17.16,17.4,17.1,17.25,1316300
AIRG,31-Jan-2018,10.31,10.31,9.76,9.78,40000
AIRR,31-Jan-2018,27.88,27.99,27.42,27.42,25700
AIRT,31-Jan-2018,32.245,32.245,32.245,32.245,0
AKAM,31-Jan-2018,67,68.3,66.59,66.99,1965900
AKBA,31-Jan-2018,15.14,15.32,14.68,14.78,284600
AKTS,31-Jan-2018,5.89,6.15,5.77,5.82,99200
AKTX,31-Jan-2018,2.99,2.99,2.82,2.86,141600
ALBO,31-Jan-2018,36.04,37.045,33.55,35,77700
ALCO,31-Jan-2018,27.1,27.1,26.85,26.9,1600
ALDX,31-Jan-2018,7.65,7.65,7.11,7.475,128800
ALGN,31-Jan-2018,261.01,270.6,248.21,262,4011300
ALGT,31-Jan-2018,159.9,162,159.15,159.25,278000
ALIM,31-Jan-2018,1.17,1.2,1.16,1.17,174100
ALJJ,31-Jan-2018,3.28,3.29,3.11,3.16,37500
ALKS,31-Jan-2018,57.53,58.13,55.97,57.17,1050700
ALLT,31-Jan-2018,5.05,5.1,4.94,5.05,193500
ALNA,31-Jan-2018,9,9.01,8.34,8.34,43100
ALNY,31-Jan-2018,132.43,132.91,128.39,129.98,553200
ALOT,31-Jan-2018,13.8,13.8,13.5,13.5,4200
ALPN,31-Jan-2018,11.19,11.62,11.07,11.09,8100
ALRM,31-Jan-2018,37.75,38.59,37.75,38.38,290100
ALRN,31-Jan-2018,9.54,9.57,9.23,9.23,5300
ALT,31-Jan-2018,1.83,1.9,1.8,1.81,119000
ALTR,31-Jan-2018,26.57,27,26.125,26.6,446400
ALTY,31-Jan-2018,15.54,15.54,15.31,15.31,2500
AMAT,31-Jan-2018,53.68,54.14,52.91,53.63,13166800
AMBA,31-Jan-2018,50.84,51.49,49.58,50.4,872800
AMCX,31-Jan-2018,52.85,53.47,51.46,51.59,482000
AMD,31-Jan-2018,13.24,13.85,13.15,13.74,140977800
AMED,31-Jan-2018,54.1,54.35,53.06,53.62,230700
AMEH,31-Jan-2018,19.05,19.96,17.6,18.25,54200
AMGN,31-Jan-2018,191.64,192.27,184.65,186.05,4677700
AMKR,31-Jan-2018,10.19,10.29,10.02,10.06,962600
AMNB,31-Jan-2018,37.85,37.85,37.35,37.4,9400
AMOT,31-Jan-2018,35,35.23,34.21,34.85,40500
AMPH,31-Jan-2018,19.15,19.18,18.58,18.64,182900
AMRK,31-Jan-2018,13.58,13.58,13.49,13.49,10800
AMRN,31-Jan-2018,3.85,3.9,3.66,3.75,4196100
AMRS,31-Jan-2018,5.05,5.09,4.8,4.9,362500
AMSC,31-Jan-2018,5.3,5.35,5.15,5.21,94700
AMSF,31-Jan-2018,61.1,61.45,60,60.75,138000
AMSWA,31-Jan-2018,12.85,13.115,12.45,12.53,50800
AMTX,31-Jan-2018,0.71,0.71,0.66,0.69,10000
AMWD,31-Jan-2018,136.75,137.9,134.8,135.85,99700
AMZN,31-Jan-2018,1451.3,1472.58,1450.04,1450.89,6424600
ANAB,31-Jan-2018,107.83,108.15,105,105.39,199700
ANAT,31-Jan-2018,127.4,127.4,126.2,126.39,9700
ANDE,31-Jan-2018,34.7,34.8,33.9,34.1,151200
ANGI,31-Jan-2018,13.67,13.67,13.34,13.36,445200
ANGO,31-Jan-2018,17.34,17.44,17.17,17.41,443600
ANIK,31-Jan-2018,68.5,68.5,65.94,66.72,49600
ANIP,31-Jan-2018,67.46,68.5,66.06,67.16,134600
ANSS,31-Jan-2018,162.34,164.52,161.06,161.65,831800
ANY,31-Jan-2018,2.36,2.38,2.19,2.26,648400
AOSL,31-Jan-2018,16.9,17.2,16.515,16.79,91400
APDN,31-Jan-2018,61.6,62.8,60.4,60.8,114300
APEI,31-Jan-2018,25.35,25.7,24.85,25.4,63400
APEN,31-Jan-2018,6.21,6.3,6.07,6.27,51000
APLS,31-Jan-2018,18.35,18.395,16.5,16.6,64700
APOG,31-Jan-2018,46.59,46.72,45.37,45.51,313700
APOP,31-Jan-2018,42.1,42.9,42,42,27800
APPF,31-Jan-2018,42.3,42.95,41.55,42.35,165400
APPN,31-Jan-2018,30.55,31.47,30.5,31,250200
APPS,31-Jan-2018,2.04,2.07,1.96,2.03,514500
APTO,31-Jan-2018,3.03,3.16,3,3.02,123900
APVO,31-Jan-2018,48.3,49,46.48,47.46,104300
APWC,31-Jan-2018,2.61,2.65,2.55,2.65,9400
AQB,31-Jan-2018,2.75,2.87,2.75,2.75,59900
AQMS,31-Jan-2018,1.89,1.89,1.79,1.82,157300
ARAY,31-Jan-2018,5.9,6.15,5.6,5.65,2892500
ARCB,31-Jan-2018,38.15,38.5,34.83,35.55,462200
ARCC,31-Jan-2018,16.14,16.14,15.87,15.95,1914100
ARCT,31-Jan-2018,8.06,8.135,7.55,7.76,74600
ARDX,31-Jan-2018,7.45,7.45,7,7.25,264300
ARGX,31-Jan-2018,77.99,79.91,76.21,77.58,180600
ARKR,31-Jan-2018,25.45,26.15,25,25.445,7800
ARLP,31-Jan-2018,20.55,20.75,20.31,20.5,403700
ARNA,31-Jan-2018,37.71,37.96,36.6,37.42,492500
AROW,31-Jan-2018,33.55,33.55,32.505,32.8,26000
ARRY,31-Jan-2018,14.81,15.055,14.71,14.82,3127600
ARTNA,31-Jan-2018,37.13,37.52,36.81,37.18,20300
ARTW,31-Jan-2018,2.95,2.95,2.95,2.95,1900
ARWR,31-Jan-2018,6.23,6.35,6.03,6.18,756300
ASET,31-Jan-2018,29.045,29.045,29.045,29.045,300
ASMB,31-Jan-2018,50.19,50.99,46.15,47.18,386200
ASML,31-Jan-2018,202.39,203.66,202,202.96,701800
ASND,31-Jan-2018,51.55,52.37,50.8,50.97,194600
ASPS,31-Jan-2018,30.25,30.49,27.45,28,207800
ASPU,31-Jan-2018,8.21,8.25,8.09,8.24,24600
ASRV,31-Jan-2018,4.2,4.2,4.1,4.1,31800
ASTC,31-Jan-2018,3.35,3.41,3.19,3.36,23800
ASTE,31-Jan-2018,63.32,63.585,62.3,62.4,203800
ASUR,31-Jan-2018,15.06,15.27,15.01,15.2,58700
ASYS,31-Jan-2018,10.24,10.46,9.94,10.03,112900
ATAI,31-Jan-2018,5.02,5.02,5,5,2200
ATAX,31-Jan-2018,6.2,6.25,6.1,6.15,226700
ATEC,31-Jan-2018,3.31,3.36,3.15,3.2,96800
ATHX,31-Jan-2018,1.8,1.81,1.74,1.75,733000
ATLC,31-Jan-2018,2.26,2.28,2.22,2.22,3400
ATLO,31-Jan-2018,28.33,28.45,28.1,28.2,3700
ATNI,31-Jan-2018,59.41,60.12,58.865,59.36,105100
ATNX,31-Jan-2018,14.98,15.07,14.245,14.48,315100
ATOM,31-Jan-2018,5.02,5.98,4.82,5.5,250600
ATOS,31-Jan-2018,8.4,10.2,8.04,9.6,48818600
ATRA,31-Jan-2018,40.15,40.2,36.35,37.8,981800
ATRC,31-Jan-2018,16.97,16.97,16.29,16.31,117800
ATRI,31-Jan-2018,571.3,583.6,568.5,575.4,3000
ATRO,31-Jan-2018,45.93,46.85,44.43,44.6,119800
ATRS,31-Jan-2018,2.24,2.26,2.06,2.09,1356900
ATSG,31-Jan-2018,24.98,25.23,24.64,24.86,450400
ATVI,31-Jan-2018,72.96,74.945,72.96,74.13,7058900
ATXI,31-Jan-2018,3.93,3.93,3.76,3.77,9400
AUBN,31-Jan-2018,37.6,38.05,37.6,37.63,2200
AUDC,31-Jan-2018,7.78,7.85,7.71,7.76,54100
AUPH,31-Jan-2018,5.55,5.57,5.26,5.3,580000
AUTO,31-Jan-2018,8.4,8.43,8.16,8.26,86500
AVAV,31-Jan-2018,52.08,52.09,50.54,51.36,183900
AVDL,31-Jan-2018,11,11.11,10.58,10.6,193500
AVEO,31-Jan-2018,30.2,32.9,30,32.3,3947400
AVGO,31-Jan-2018,250,253.14,244.86,248.03,8048100
AVGR,31-Jan-2018,71,75,62.3,65,265300
AVID,31-Jan-2018,5.45,5.57,5.37,5.4,237900
AVIR,31-Jan-2018,0.58,0.61,0.561,0.585,181000
AVNW,31-Jan-2018,16.9,16.9,16.04,16.58,10200
AVXL,31-Jan-2018,2.86,2.97,2.8,2.83,295500
AWRE,31-Jan-2018,4.65,4.65,4.55,4.55,3600
AXDX,31-Jan-2018,29.25,29.5,28.7,28.9,198000
AXGN,31-Jan-2018,27.6,28.5,27.5,27.8,201900
AXON,31-Jan-2018,2.09,2.09,2.01,2.03,539100
AXSM,31-Jan-2018,2.85,2.89,2.7,2.8,298800
AXTI,31-Jan-2018,8.15,8.35,7.9,7.9,315200
AY,31-Jan-2018,21.07,21.23,20.94,21.08,249200
AYTU,31-Jan-2018,2.96,2.98,2.81,2.91,17100
AZPN,31-Jan-2018,79.07,79.22,77.27,77.45,459900
BAND,31-Jan-2018,24.2,24.2,23.1,23.34,41500
BANF,31-Jan-2018,55.85,56,55.41,55.75,56200
BANFP,31-Jan-2018,27.57,27.57,27.57,27.57,0
BANR,31-Jan-2018,54.64,55.03,54.25,54.34,189100
BANX,31-Jan-2018,21.44,21.64,21.22,21.24,11100
BATRA,31-Jan-2018,24.05,24.08,23.58,23.6,65900
BATRK,31-Jan-2018,24,24.04,23.47,23.51,137700
BBBY,31-Jan-2018,23.01,23.265,22.78,23.08,4578900
BBGI,31-Jan-2018,12.7,12.75,12.5,12.55,8400
BBH,31-Jan-2018,132.4,133.02,129.22,129.76,89400
BBSI,31-Jan-2018,71.28,71.28,69.14,69.69,17500
BCAC,31-Jan-2018,9.87,9.87,9.87,9.87,2400
BCACU,31-Jan-2018,10.5,10.62,10.5,10.62,2100
BCACW,31-Jan-2018,0.38,0.38,0.38,0.38,2100
BCBP,31-Jan-2018,15.3,15.5,15.15,15.15,28000
BCLI,31-Jan-2018,3.6,3.65,3.48,3.48,58100
BCOR,31-Jan-2018,24.05,24.45,23.35,24.4,450300
BCOV,31-Jan-2018,6.85,6.875,6.725,6.75,73400
BCPC,31-Jan-2018,80.69,80.95,78.35,79,128600
BCRX,31-Jan-2018,4.57,4.57,4.38,4.5,1443700
BDSI,31-Jan-2018,2.45,2.45,2.25,2.3,1056700
BECN,31-Jan-2018,61.98,61.98,60.23,60.5,707600
BELFA,31-Jan-2018,17.94,19.23,17.94,19.23,300
BELFB,31-Jan-2018,21.3,21.3,20.5,20.55,29900
BFIN,31-Jan-2018,15.69,15.91,15.68,15.88,53800
BFIT,31-Jan-2018,17.5,17.5,17.5,17.5,900
BGCP,31-Jan-2018,14.39,14.48,14.245,14.31,1447500
BGFV,31-Jan-2018,5.7,5.85,5.65,5.65,744200
BGNE,31-Jan-2018,124.65,137.5,122.34,135.75,457900
BHF,31-Jan-2018,64.85,65.02,63.5,64.26,1045100
BIB,31-Jan-2018,66.52,67.3,63.22,63.65,422500
BICK,31-Jan-2018,32.88,32.95,32.7,32.7,4100
BIDU,31-Jan-2018,247.48,248.18,242.4,246.92,3644000
BIIB,31-Jan-2018,357.34,359.61,345.72,347.81,1398000
BIOC,31-Jan-2018,3.5,3.5,3.3,3.4,1754000
BIOL,31-Jan-2018,2.1,2.15,2,2.1,177500
BIS,31-Jan-2018,18.53,19.195,18.19,19.09,73500
BJRI,31-Jan-2018,37.75,38.05,37.4,37.75,187200
BKCC,31-Jan-2018,5.97,6,5.95,5.96,395700
BKEP,31-Jan-2018,5.5,5.55,5.4,5.45,84200
BKEPP,31-Jan-2018,7.5,7.75,7.5,7.75,19500
BKSC,31-Jan-2018,19.5,19.5,19,19,7400
BKYI,31-Jan-2018,1.84,1.96,1.84,1.96,13100
BL,31-Jan-2018,32.99,33.39,32.81,33.23,239000
BLBD,31-Jan-2018,21.1,21.25,20.9,21.15,71800
BLCM,31-Jan-2018,52.1,62,50.2,60.8,8231000
BLCN,31-Jan-2018,24.74,24.76,24.5,24.6,235500
BLDP,31-Jan-2018,3.74,3.82,3.65,3.705,2313000
BLFS,31-Jan-2018,5.52,5.54,5.39,5.42,34100
BLIN,31-Jan-2018,115.95,122.6,113,121.75,52000
BLKB,31-Jan-2018,96.28,96.59,95.43,95.82,356200
BLMN,31-Jan-2018,22.12,22.22,21.96,22.03,445400
BLPH,31-Jan-2018,34.65,34.95,33,33.3,130400
BLRX,31-Jan-2018,16.5,16.5,16.05,16.05,369100
BLUE,31-Jan-2018,203.4,209.75,201.91,204.9,731800
BMRA,31-Jan-2018,4.22,4.74,4.16,4.19,62400
BMRC,31-Jan-2018,34.525,34.525,33.775,34.35,12400
BMRN,31-Jan-2018,90.02,90.7,89.62,90.23,1330800
BMTC,31-Jan-2018,45.1,45.5,44.85,44.9,68500
BNDX,31-Jan-2018,54.14,54.16,54.05,54.06,1415200
BNFT,31-Jan-2018,25.45,25.5,25.05,25.2,106700
BNSO,31-Jan-2018,3.51,3.63,3.5,3.54,11900
BNTC,31-Jan-2018,36,36.3,36,36.2,12600
BOKF,31-Jan-2018,97.29,97.4,96.31,96.69,82600
BOMN,31-Jan-2018,19.94,20.795,19.65,20.59,82200
BOOM,31-Jan-2018,23.65,24,22.7,22.9,56900
BOSC,31-Jan-2018,2.21,2.26,2.16,2.18,16400
BOTJ,31-Jan-2018,14.94,14.95,14.67,14.95,2200
BOTZ,31-Jan-2018,26.6,26.66,26.44,26.47,3034300
BOXL,31-Jan-2018,5.69,5.69,5.69,5.69,0
BPMC,31-Jan-2018,81.9,83.17,78.53,78.65,186000
BPOP,31-Jan-2018,39.95,40.93,39.95,40.64,739700
BPOPM,31-Jan-2018,22,22.5,22,22.4,9900
BPOPN,31-Jan-2018,23.98,24.15,23.98,24.02,4200
BPRN,31-Jan-2018,32.8,32.8,32.75,32.8,5200
BPTH,31-Jan-2018,48,48,40,42,1645900
BRID,31-Jan-2018,16.51,16.51,16.51,16.51,0
BRKL,31-Jan-2018,16.1,16.2,15.975,16,205400
BRKR,31-Jan-2018,35.49,36.38,35.43,35.61,656100
BRKS,31-Jan-2018,28.73,29.075,27.79,27.9,800600
BRQS,31-Jan-2018,6.87,7.1,6.87,7,4400
BSET,31-Jan-2018,34.95,34.95,33.7,33.95,39100
BSQR,31-Jan-2018,4.25,4.35,4.25,4.3,9000
BSRR,31-Jan-2018,27.51,27.63,27.25,27.38,25400
BTEC,31-Jan-2018,33.65,33.651,33.645,33.651,2100
BUSE,31-Jan-2018,29.69,31.57,28.34,30.98,178200
BVXV,31-Jan-2018,7.1,7.3,7.1,7.26,19000
BWEN,31-Jan-2018,2.7,2.7,2.47,2.47,107200
BWFG,31-Jan-2018,33.57,33.68,33.15,33.4,20700
BYFC,31-Jan-2018,2.37,2.48,2.37,2.48,7600
BYSI,31-Jan-2018,28,29.14,27,29.14,9300
BZUN,31-Jan-2018,39.01,39.4,38.31,38.95,934500
CAAS,31-Jan-2018,4.62,4.68,4.59,4.68,18200
CAC,31-Jan-2018,43.54,43.54,42.26,42.46,23900
CACC,31-Jan-2018,320,336.76,317,329.71,847000
CACG,31-Jan-2018,30.19,30.19,29.93,29.93,17000
CAKE,31-Jan-2018,49.06,49.86,48.96,49.19,730000
CALA,31-Jan-2018,8,8.3,7.85,8,334000
CALM,31-Jan-2018,42.45,43,42.35,42.55,181400
CAMP,31-Jan-2018,24.49,24.69,24.21,24.48,284300
CAMT,31-Jan-2018,7.02,7.11,6.64,6.76,259900
CAPR,31-Jan-2018,19.1,20.6,18.6,20,491600
CAR,31-Jan-2018,45.9,46.61,44.81,44.96,841400
CARA,31-Jan-2018,15.75,15.75,14.55,14.67,1113500
CARG,31-Jan-2018,33.67,34.01,33.12,33.5,84600
CARV,31-Jan-2018,2.69,2.72,2.63,2.72,4100
CARZ,31-Jan-2018,43.91,44,43.61,43.69,5400
CASA,31-Jan-2018,18,19.19,17.79,19.09,271400
CASH,31-Jan-2018,37.1167,39.325,35.5127,39,243100
CASI,31-Jan-2018,4.3,4.34,3.93,4.15,309900
CASS,31-Jan-2018,57.67,58.14,56.07,57.95,25000
CASY,31-Jan-2018,123.05,124.28,120.83,121.11,290400
CATC,31-Jan-2018,78.25,78.9,75.97,78.9,2200
CATH,31-Jan-2018,34.835,34.835,34.65,34.753,5400
CATY,31-Jan-2018,43.91,44.67,43.11,43.74,611000
CBAN,31-Jan-2018,14.35,14.6,14.35,14.35,3800
CBAY,31-Jan-2018,12.11,12.49,11.42,11.92,871500
CBFV,31-Jan-2018,31,31.1,31,31.1,800
CBIO,31-Jan-2018,21.05,25.805,21.01,25.39,558900
CBRL,31-Jan-2018,178.69,178.69,175.47,176.48,402600
CBSH,31-Jan-2018,58.89,59.07,58.36,58.51,587100
CBTX,31-Jan-2018,28.61,28.75,28.59,28.62,9600
CCBG,31-Jan-2018,23.83,26.33,23.65,24.53,54700
CCD,31-Jan-2018,20.41,20.52,20.36,20.41,80500
CCLP,31-Jan-2018,6.2,6.505,6.03,6.28,115600
CCMP,31-Jan-2018,102.77,103.2,101.36,101.89,343800
CCNE,31-Jan-2018,27.65,27.72,26.47,26.93,18200
CCOI,31-Jan-2018,45.1,46.05,44.85,45.1,251600
CCRN,31-Jan-2018,13.91,14.07,13.87,14.01,274800
CCXI,31-Jan-2018,9.65,9.73,9.26,9.35,151300
CDC,31-Jan-2018,47.98,48,47.56,47.79,164000
CDEV,31-Jan-2018,20.84,21.18,20.355,20.41,2873800
CDK,31-Jan-2018,72.52,72.52,70.59,71.29,2009000
CDL,31-Jan-2018,46.58,46.66,46.34,46.55,10100
CDMO,31-Jan-2018,3.51,3.55,3.41,3.48,232800
CDNA,31-Jan-2018,6.1,6.24,5.79,6,140000
CDNS,31-Jan-2018,44.06,45.03,43.92,44.86,3580600
CDTX,31-Jan-2018,7.55,7.6,7.1,7.15,77600
CDW,31-Jan-2018,75.32,75.695,74.33,74.79,1014200
CDXC,31-Jan-2018,4.82,4.92,4.49,4.61,744200
CDXS,31-Jan-2018,8.95,9.05,8.45,8.6,189000
CDZI,31-Jan-2018,14.45,14.7,14.25,14.55,59100
CECE,31-Jan-2018,4.78,4.79,4.5,4.53,290100
CELC,31-Jan-2018,17.86,18.035,16.82,16.87,24000
CELH,31-Jan-2018,5.71,5.775,5.6,5.64,23500
CEMI,31-Jan-2018,8.35,8.35,8.25,8.3,6300
CENT,31-Jan-2018,39.71,39.75,39.12,39.19,172700
CENTA,31-Jan-2018,38.3,38.49,37.71,37.72,128700
CENX,31-Jan-2018,22.93,23.42,22.03,22.25,1905900
CERN,31-Jan-2018,69.5,69.78,68.83,69.13,2276800
CERS,31-Jan-2018,4.48,4.56,4.31,4.43,6323700
CETX,31-Jan-2018,23.44,23.44,22.48,22.48,60000
CETXP,31-Jan-2018,5.5,5.58,5.5,5.5,4000
CETXW,31-Jan-2018,0.38,0.38,0.37,0.37,19700
CEVA,31-Jan-2018,44.15,45.295,43.25,44,204700
CEY,31-Jan-2018,27.92,27.92,27.78,27.78,3700
CFA,31-Jan-2018,51.53,51.53,50.91,51.08,49300
CFBK,31-Jan-2018,14.3,14.3,14.08,14.08,18900
CFFI,31-Jan-2018,55.45,55.45,54.305,54.75,4700
CFFN,31-Jan-2018,13.14,13.22,13.045,13.08,432400
CFMS,31-Jan-2018,1.48,1.48,1.37,1.39,673100
CFO,31-Jan-2018,51.33,51.4,50.84,51.07,97400
CFRX,31-Jan-2018,13.5,13.6,12.8,13.5,238200
CG,31-Jan-2018,25.5,25.65,25,25.2,373800
CGBD,31-Jan-2018,18.03,18.16,17.91,17.95,121700
CGEN,31-Jan-2018,3.15,3.15,2.9,3,195100
CGNT,31-Jan-2018,2.83,2.94,2.78,2.84,14100
CGNX,31-Jan-2018,63.64,63.99,62.05,62.37,1964600
CGO,31-Jan-2018,15.23,15.28,15.04,15.21,30000
CHCI,31-Jan-2018,1.4,1.45,1.32,1.39,58200
CHCO,31-Jan-2018,69.21,69.615,68.63,68.8,38000
CHDN,31-Jan-2018,86.3333,86.65,86.0167,86.3333,78800
CHEF,31-Jan-2018,20.65,20.85,20.2,20.35,95500
CHEK,31-Jan-2018,10.56,11.04,10.56,10.68,127500
CHI,31-Jan-2018,11.15,11.29,11.15,11.28,388400
CHKP,31-Jan-2018,101.96,105.5,98.75,103.41,4890300
CHMG,31-Jan-2018,45.04,45.37,44.67,44.67,3000
CHNR,31-Jan-2018,2.66,2.76,2.63,2.72,7600
CHRS,31-Jan-2018,11.05,11.168,9.975,10.1,522700
CHRW,31-Jan-2018,91.94,95.89,90.31,91.46,7558700
CHSCL,31-Jan-2018,27.4,27.6,27.4,27.43,22800
CHSCM,31-Jan-2018,26.49,26.49,26.26,26.37,31700
CHSCN,31-Jan-2018,27.02,27.239,26.825,26.99,20600
CHSCO,31-Jan-2018,28.85,28.9,28.69,28.77,6800
CHSCP,31-Jan-2018,29.59,29.93,29.49,29.55,7000
CHTR,31-Jan-2018,374.81,379.325,373.21,377.25,2152700
CHUY,31-Jan-2018,26.65,26.85,26.3,26.5,86700
CHW,31-Jan-2018,9.63,9.64,9.56,9.63,238900
CHY,31-Jan-2018,11.97,12.15,11.925,12.08,196400
CIBR,31-Jan-2018,23.98,24.24,23.98,24.14,106300
CID,31-Jan-2018,37.52,37.53,37.31,37.44,12000
CIDM,31-Jan-2018,1.38,1.385,1.36,1.36,33900
CIGI,31-Jan-2018,61.95,61.95,60.3,60.55,35100
CIL,31-Jan-2018,42.74,42.75,42.68,42.68,3000
CINF,31-Jan-2018,76.52,77.53,76.15,76.9,1092700
CIVB,31-Jan-2018,22.58,22.71,22.04,22.13,17200
CIZ,31-Jan-2018,37.05,37.09,36.69,36.87,47900
CIZN,31-Jan-2018,21.95,22,21.95,22,3100
CJJD,31-Jan-2018,1.43,1.51,1.4,1.41,25000
CKPT,31-Jan-2018,4.01,4.48,4,4.35,30200
CLAR,31-Jan-2018,7.4,7.5,7.4,7.45,32800
CLBS,31-Jan-2018,4.35,4.35,4.21,4.28,14200
CLDX,31-Jan-2018,42.15,42.75,41.25,41.4,889400
CLFD,31-Jan-2018,12.45,13.1,12.4,12.95,50100
CLGN,31-Jan-2018,8.95,8.95,8.95,8.95,100
CLIR,31-Jan-2018,2.35,2.4,2.15,2.15,155200
CLLS,31-Jan-2018,33.5,33.53,31.42,31.46,225700
CLMT,31-Jan-2018,7.6,7.65,7.45,7.55,211900
CLNE,31-Jan-2018,1.6,1.65,1.56,1.57,1186200
CLRB,31-Jan-2018,12.3,12.4,11.6,11.7,234900
CLRG,31-Jan-2018,26.57,26.61,26.52,26.52,1456600
CLRO,31-Jan-2018,7.9,7.94,7.9,7.925,300
CLSD,31-Jan-2018,6.39,6.68,6.19,6.5,209000
CLSN,31-Jan-2018,2.47,2.47,2.3,2.37,540700
CLVS,31-Jan-2018,61.59,61.855,60.29,60.5,671300
CLWT,31-Jan-2018,2.2667,2.3667,2.2333,2.3,25600
CLXT,31-Jan-2018,25.98,26.5,25.52,26.05,53700
CMCO,31-Jan-2018,41.66,41.68,40.8,40.95,125600
CMCSA,31-Jan-2018,42.29,42.73,42.08,42.53,26926200
CMCT,31-Jan-2018,17.27,17.65,16.95,17.05,9400
CME,31-Jan-2018,152.91,155.32,152.91,153.48,2947700
CMPR,31-Jan-2018,132.23,133.08,126.83,127.41,524900
CMRX,31-Jan-2018,4.8,4.965,4.759,4.79,126200
CMTL,31-Jan-2018,21.75,21.96,21.39,21.63,135500
CNBKA,31-Jan-2018,81.4,81.6,80.15,80.15,7700
CNCE,31-Jan-2018,21.19,21.33,20.07,20.08,249100
CNCR,31-Jan-2018,28.51,28.65,27.92,28.13,24900
CNET,31-Jan-2018,3.5,3.5,3.18,3.2,904100
CNFR,31-Jan-2018,6.15,6.3,5.9,6.3,3500
CNOB,31-Jan-2018,29.3,29.4,29.1,29.15,105300
CNSL,31-Jan-2018,12.57,12.585,12.27,12.45,667600
CNTY,31-Jan-2018,9.14,9.23,9,9.15,96100
CNXN,31-Jan-2018,26.34,26.555,25.81,26.2,42000
CODA,31-Jan-2018,4,5,3.97,4.78,110900
CODX,31-Jan-2018,2.93,2.99,2.79,2.9,33000
COGT,31-Jan-2018,3.9,3.9,3.65,3.65,460500
COHR,31-Jan-2018,266.99,270.56,257.55,259.52,445800
COHU,31-Jan-2018,23.55,23.97,22.73,22.77,351400
COKE,31-Jan-2018,203,204.105,201,202.52,42800
COLB,31-Jan-2018,42.87,43.49,42.65,43.08,331900
COLL,31-Jan-2018,24.45,24.79,23.56,23.84,819000
COLM,31-Jan-2018,74.85,75.13,74.27,74.67,124600
COMM,31-Jan-2018,38.78,38.93,38.43,38.63,1973600
COMT,31-Jan-2018,37.88,37.92,37.69,37.88,193800
CONE,31-Jan-2018,56.26,57.95,56.06,57.69,874600
CONN,31-Jan-2018,34.75,35.35,33.25,33.3,390800
COOL,31-Jan-2018,20.09,21.36,20.01,21.3,126100
CORT,31-Jan-2018,23.91,24.29,22.78,23.015,1439000
COST,31-Jan-2018,197.44,198.475,194.1,194.87,2682200
COUP,31-Jan-2018,37.72,38.28,37.29,38.23,291400
COWN,31-Jan-2018,13.25,13.35,12.9,12.95,326700
CPHC,31-Jan-2018,15.05,15.17,15,15,3600
CPIX,31-Jan-2018,6.92,6.95,6.8,6.81,12600
CPLP,31-Jan-2018,3.39,3.42,3.29,3.31,1176600
CPRT,31-Jan-2018,44.58,44.77,43.79,44.07,878200
CPRX,31-Jan-2018,3.48,3.54,3.37,3.39,410800
CPSH,31-Jan-2018,1.7,1.74,1.63,1.69,64600
CPSI,31-Jan-2018,30,30.4,29.7,29.95,78600
CPSS,31-Jan-2018,4.525,4.541,4.46,4.48,21900
CPTAG,31-Jan-2018,24.63,24.72,24.47,24.72,5800
CPTAL,31-Jan-2018,24.69,25.12,24.69,25.1,18600
CRAI,31-Jan-2018,47.51,48.74,46.03,46.43,28500
CRBP,31-Jan-2018,8.2,8.41,7.1,7.5,2244700
CREG,31-Jan-2018,28.2,28.6,26.1,26.7,338800
CRESY,31-Jan-2018,21.11,21.73,21.11,21.67,83900
CRIS,31-Jan-2018,3.35,3.45,3.05,3.1,2715500
CRMT,31-Jan-2018,45.65,46.775,45,46.1,59800
CRNT,31-Jan-2018,2.17,2.19,2.06,2.08,313300
CROX,31-Jan-2018,13.72,13.88,13.48,13.51,607200
CRSP,31-Jan-2018,43.79,43.79,37.73,39.28,1132900
CRTO,31-Jan-2018,24.79,24.811,23.545,23.81,766300
CRUS,31-Jan-2018,50.87,51.07,49.47,49.57,562300
CRVL,31-Jan-2018,54.95,55.55,51.575,51.65,42400
CRVS,31-Jan-2018,9.34,9.34,8.3,8.42,97100
CRWS,31-Jan-2018,7.25,7.35,7.05,7.1,22600
CSA,31-Jan-2018,46.95,47.03,46.77,46.77,1900
CSB,31-Jan-2018,44.91,44.91,44.44,44.44,52500
CSBR,31-Jan-2018,3.87,4.02,3.82,3.82,17200
CSCO,31-Jan-2018,41.98,42.01,41.35,41.54,36512000
CSF,31-Jan-2018,47.1,47.1,45.76,45.76,16500
CSGP,31-Jan-2018,348.9,353.59,342.69,346.11,243000
CSGS,31-Jan-2018,45.43,45.65,45.08,45.17,227200
CSII,31-Jan-2018,25.28,25.38,24.71,24.71,118400
CSIQ,31-Jan-2018,15.68,15.9,15.37,15.41,570300
CSML,31-Jan-2018,28.83,28.99,28.5,28.54,20800
CSOD,31-Jan-2018,41.06,41.61,41.06,41.13,492900
CSPI,31-Jan-2018,18.05,18.19,17.5,17.5,9700
CSQ,31-Jan-2018,12.67,12.72,12.55,12.6,307200
CSSE,31-Jan-2018,9.45,9.81,9.21,9.36,11300
CSTE,31-Jan-2018,21.5,21.85,21,21.2,255600
CSTR,31-Jan-2018,19.65,19.75,19.43,19.56,26400
CSWC,31-Jan-2018,16.5,16.5,16.19,16.2,33000
CSWI,31-Jan-2018,48.05,48.6,47.275,47.9,41300
CSX,31-Jan-2018,57.18,57.72,56.4,56.77,6199600
CTAS,31-Jan-2018,166.3,169.96,166.26,168.45,1032500
CTBI,31-Jan-2018,47.4,47.85,47.05,47.3,32000
CTG,31-Jan-2018,5.23,5.3,5.16,5.2,12100
CTHR,31-Jan-2018,1.33,1.36,1.25,1.26,102100
CTIB,31-Jan-2018,4.75,4.75,4.75,4.75,100
CTIC,31-Jan-2018,3,3,2.85,2.86,119800
CTMX,31-Jan-2018,27.73,27.96,26.49,26.75,296500
CTRE,31-Jan-2018,15.49,15.9,15.4,15.89,1027500
CTRN,31-Jan-2018,24.02,24.155,23.29,23.51,99100
CTSH,31-Jan-2018,77.58,78.23,77.32,77.98,3222800
CTSO,31-Jan-2018,7.55,7.725,7.55,7.6,65800
CTXR,31-Jan-2018,4.33,4.33,4.19,4.27,18700
CTXRW,31-Jan-2018,0.96,1.2,0.96,1.2,1300
CTXS,31-Jan-2018,92.81,93.5,92.59,92.76,2232200
CUBA,31-Jan-2018,7.46,7.46,7.43,7.43,3500
CUE,31-Jan-2018,15.22,15.4,14.885,15.15,41200
CUTR,31-Jan-2018,49.8,51.65,49.3,49.6,117900
CVBF,31-Jan-2018,23.53,23.68,23.34,23.4,290800
CVCO,31-Jan-2018,156.9,156.9,151.15,153.15,74900
CVCY,31-Jan-2018,19.545,19.805,19.37,19.39,24200
CVGI,31-Jan-2018,12.42,12.51,12.03,12.37,298700
CVGW,31-Jan-2018,87.35,87.8,86.35,87,212400
CVLT,31-Jan-2018,54.15,54.25,53.15,53.35,394100
CVLY,31-Jan-2018,27.71,27.71,27.34,27.35,6900
CVV,31-Jan-2018,9.96,10.34,9.9,10.12,23000
CWBC,31-Jan-2018,12.4,12.4,11.51,12.045,8600
CWBR,31-Jan-2018,6.5,6.8,6.39,6.74,41100
CWCO,31-Jan-2018,13.4,13.45,13.2,13.4,65600
CWST,31-Jan-2018,25.77,25.91,25.44,25.58,168400
CXDC,31-Jan-2018,4.55,4.55,4.45,4.5,9800
CXSE,31-Jan-2018,47.28,47.3145,46.8275,47,36600
CYAD,31-Jan-2018,47.69,47.72,46.87,46.88,2800
CYAN,31-Jan-2018,3.95,3.98,3.95,3.98,900
CYBE,31-Jan-2018,15.85,15.85,15.25,15.25,74100
CYBR,31-Jan-2018,42.62,43.9,42.38,43.28,307200
CYCC,31-Jan-2018,34,34.2,32.6,33.4,263400
CYCCP,31-Jan-2018,6.05,6.05,6,6,1200
CYRN,31-Jan-2018,2.2,2.295,2.2,2.2,15000
CYRX,31-Jan-2018,9.01,9.25,8.76,8.9,180700
CYTK,31-Jan-2018,9.2,9.65,9.15,9.2,485400
CZNC,31-Jan-2018,23.9,23.97,23.63,23.8,14200
CZR,31-Jan-2018,13.9,14.1,13.7,13.95,4901200
CZWI,31-Jan-2018,13.7,13.7,13.55,13.55,12600
DAIO,31-Jan-2018,11.36,11.49,11.2,11.38,111100
DAKT,31-Jan-2018,9.28,9.35,9.14,9.26,325300
DARE,31-Jan-2018,2.16,2.24,2.15,2.17,24500
DAX,31-Jan-2018,33.42,33.42,33.17,33.17,5100
DBVT,31-Jan-2018,24,24.24,22.82,23.16,251900
DCOM,31-Jan-2018,19.3,19.45,18.9,19,289600
DCPH,31-Jan-2018,26.55,26.96,24.85,26,134200
DENN,31-Jan-2018,15.29,15.39,14.99,14.99,285700
DFFN,31-Jan-2018,9.9,10.05,8.85,9.15,1510300
DGICA,31-Jan-2018,17.77,17.84,17.41,17.55,29100
DGICB,31-Jan-2018,15.25,15.25,15.25,15.25,0
DGII,31-Jan-2018,10.15,10.4,10.06,10.35,96300
DGLY,31-Jan-2018,2.2,2.4,2.2,2.3,41300
DGRE,31-Jan-2018,28.52,28.62,28.32,28.36,42600
DGRS,31-Jan-2018,36.34,36.34,35.91,35.99,6100
DGRW,31-Jan-2018,43.95,43.95,43.4,43.6,362100
DHIL,31-Jan-2018,210,211.25,206.51,210.36,8800
DIOD,31-Jan-2018,28.58,28.65,28.02,28.19,222800
DISCA,31-Jan-2018,25.12,25.51,24.77,25.07,4630200
DISCB,31-Jan-2018,31.75,31.75,31.75,31.75,0
DISCK,31-Jan-2018,23.91,24.35,23.64,23.86,1870100
DISH,31-Jan-2018,47.13,47.54,46.74,46.9,1793400
DJCO,31-Jan-2018,228.7,228.7,228.7,228.7,600
DLHC,31-Jan-2018,6.11,6.11,6.11,6.11,0
DLPN,31-Jan-2018,3.4,3.45,3.31,3.31,20000
DLTH,31-Jan-2018,18.09,18.35,17.6,17.61,120300
DLTR,31-Jan-2018,114.77,116.65,113.74,115,1802700
DMLP,31-Jan-2018,15.85,16,15.8,15.9,31100
DMRC,31-Jan-2018,31.5,32.48,30.8,30.9,87000
DNLI,31-Jan-2018,23.82,24,23.11,23.26,383200
DOGZ,31-Jan-2018,4.4,4.4,4.36,4.39,30900
DORM,31-Jan-2018,74.35,75.76,73.39,75.44,404000
DOX,31-Jan-2018,70.55,70.89,67.31,68.4,1337200
DRIO,31-Jan-2018,1.59,1.63,1.52,1.52,71700
DRNA,31-Jan-2018,9.68,9.72,8.8,9.59,370900
DRRX,31-Jan-2018,1.2,1.23,1.17,1.19,200300
DSGX,31-Jan-2018,28.6,28.95,28.2,28.35,72700
DSKE,31-Jan-2018,13.43,13.63,13.29,13.5,127800
DSKEW,31-Jan-2018,1.8,1.82,1.71,1.77,9400
DSPG,31-Jan-2018,12.85,13.35,12.8,13.1,75600
DSWL,31-Jan-2018,2.67,2.71,2.67,2.69,54300
DTEA,31-Jan-2018,3.82,3.95,3.81,3.95,40400
DVAX,31-Jan-2018,16.5,16.75,16.05,16.1,838000
DVY,31-Jan-2018,100.9,100.9,100.06,100.66,921900
DWAC,31-Jan-2018,26.33,26.33,26.33,26.33,0
DWAS,31-Jan-2018,51.31,51.32,50.82,50.88,15000
DWAT,31-Jan-2018,12.3,12.3,12.285,12.285,600
DWCR,31-Jan-2018,32.36,32.56,32.34,32.34,2300
DWPP,31-Jan-2018,30.05,30.07,29.92,30.04,10200
DWSN,31-Jan-2018,6.6,6.95,6.38,6.38,96500
DXCM,31-Jan-2018,59.3,59.89,58.12,58.2,842400
DXGE,31-Jan-2018,33.03,33.11,32.89,32.95,66800
DXJS,31-Jan-2018,46.66,46.82,46.52,46.58,64300
DXLG,31-Jan-2018,2.55,2.6,2.55,2.6,56500
DXPE,31-Jan-2018,34.61,34.875,33.79,34.21,165000
DXYN,31-Jan-2018,3.59,3.65,3.5,3.5,18100
DYNT,31-Jan-2018,2.65,2.65,2.65,2.65,500
DZSI,31-Jan-2018,9.45,9.65,9.45,9.54,7100
EA,31-Jan-2018,129.55,131.01,126.47,126.96,14727300
EAST,31-Jan-2018,4.48,5.8,4.38,5.05,158000
EBAY,31-Jan-2018,40.48,41.1,40.36,40.58,14509700
EBIX,31-Jan-2018,83.85,84,81.8,82.1,112900
EBMT,31-Jan-2018,20.25,20.31,19.85,20.2,17000
EBSB,31-Jan-2018,20.65,20.8,20.375,20.45,173700
EBTC,31-Jan-2018,33.755,34.01,33.491,33.55,10700
ECHO,31-Jan-2018,30.15,30.6,29.2,29.2,356100
ECOL,31-Jan-2018,51.8,52.61,51.55,52.25,87900
ECPG,31-Jan-2018,42,42.15,41.4,41.45,163600
EDAP,31-Jan-2018,2.65,2.67,2.55,2.57,60600
EDIT,31-Jan-2018,39.58,39.68,35.56,36.51,2340300
EDUC,31-Jan-2018,10.8,10.925,10.6375,10.875,11100
EEFT,31-Jan-2018,95.02,95.07,93.61,93.87,538200
EEMA,31-Jan-2018,80.13,80.17,79.22,79.8,26300
EFAS,31-Jan-2018,18.89,18.89,18.785,18.804,12900
EFOI,31-Jan-2018,14.2,14.2,13.4,13.6,18100
EFSC,31-Jan-2018,49.1,49.1,48.6,48.65,113500
EGAN,31-Jan-2018,5.35,5.45,5,5.05,81900
EGBN,31-Jan-2018,62.7,63.3,62.45,63,116600
EGLE,31-Jan-2018,34.09,34.44,32.97,33.18,629300
EGRX,31-Jan-2018,59.68,62.03,59.29,59.77,287700
EHTH,31-Jan-2018,17.92,18.34,17.455,17.52,137200
EIGR,31-Jan-2018,9.2,9.2,8.55,8.65,100400
EKSO,31-Jan-2018,23.1,23.25,21.9,21.9,233300
ELSE,31-Jan-2018,3.99,4.11,3.99,4.09,6100
ELTK,31-Jan-2018,4.11,4.17,4.01,4.04,20700
EMB,31-Jan-2018,115.43,115.54,115.22,115.36,4581600
EMCB,31-Jan-2018,72.92,73.31,72.7,73.1,700
EMCF,31-Jan-2018,31.81,31.81,29.7,30.9,9400
EMIF,31-Jan-2018,34.443,34.443,34.053,34.115,4400
EMKR,31-Jan-2018,6.9,7,6.7,6.75,183100
EML,31-Jan-2018,26.7,26.85,26.6,26.75,6500
EMXC,31-Jan-2018,57.69,57.69,57.35,57.365,900
ENDP,31-Jan-2018,6.95,7.14,6.79,6.91,4884100
ENG,31-Jan-2018,0.82,0.87,0.8,0.85,35700
ENPH,31-Jan-2018,2.05,2.2,2.04,2.2,642300
ENSG,31-Jan-2018,22.92,23.15,22.47,23.03,321900
ENTA,31-Jan-2018,84.05,87.61,82.97,84.95,207500
ENTG,31-Jan-2018,33.8,33.975,32.475,32.55,1474400
ENZL,31-Jan-2018,50.03,50.03,48.885,49.62,37700
EPAY,31-Jan-2018,36.7,36.92,36.29,36.5,239400
EPIX,31-Jan-2018,4.2,4.4,4.2,4.2,88400
EPZM,31-Jan-2018,17.3,17.3,16,16.15,427400
EQBK,31-Jan-2018,36.21,36.33,36.01,36.01,27900
EQIX,31-Jan-2018,442.45,458.64,440.1,455.19,739400
EQRR,31-Jan-2018,49.62,49.62,49.25,49.45,1800
ERIC,31-Jan-2018,6.61,6.61,6.28,6.44,19542800
ERIE,31-Jan-2018,117.66,119.59,116.85,118.76,47100
ERII,31-Jan-2018,7.94,8.03,7.65,7.73,377200
ERYP,31-Jan-2018,23,23,22.62,22.62,2300
ESBK,31-Jan-2018,20.6,20.6,20.5,20.5,700
ESCA,31-Jan-2018,12.6,12.95,12.59,12.85,10400
ESEA,31-Jan-2018,14.64,14.8,14.4,14.64,7100
ESGD,31-Jan-2018,71.46,71.55,71.09,71.2,55800
ESGE,31-Jan-2018,40.245,40.27,39.855,39.965,14400
ESGR,31-Jan-2018,206.15,211.5,205.25,207.6,37700
ESGU,31-Jan-2018,61.65,61.65,61.62,61.65,1400
ESLT,31-Jan-2018,151.2,151.91,149.34,149.79,67300
ESPR,31-Jan-2018,72.28,72.93,71.24,72.51,414800
ESQ,31-Jan-2018,21.45,22.9,21.45,22.76,6100
ESSA,31-Jan-2018,16.16,16.22,15.9,16.1,10800
ESXB,31-Jan-2018,8.25,8.45,8.25,8.25,80100
ETSY,31-Jan-2018,18.98,19.05,18.62,18.76,1291000
EUFN,31-Jan-2018,25.39,25.44,25.28,25.33,1812500
EVBG,31-Jan-2018,32.97,33.14,32.22,32.28,112500
EVFM,31-Jan-2018,9.02,9.5,8.51,8.71,25800
EVGN,31-Jan-2018,3.63,3.66,3.63,3.66,400
EVK,31-Jan-2018,2.55,2.7,2.5,2.69,14400
EVLV,31-Jan-2018,1.26,1.27,1.22,1.22,438500
EVOK,31-Jan-2018,2.77,2.84,2.61,2.68,191300
EVOL,31-Jan-2018,5.35,5.425,5.35,5.4,16800
EWBC,31-Jan-2018,66.7,67,65.72,65.91,989300
EWZS,31-Jan-2018,18.01,18.14,17.8,17.91,103300
EXAS,31-Jan-2018,49.55,50.43,48.85,49.71,2562000
EXEL,31-Jan-2018,30.74,31.26,30.3,30.31,2824300
EXLS,31-Jan-2018,61.92,61.92,60.74,60.75,135100
EXPD,31-Jan-2018,64.99,65.7,64.49,64.95,1607800
EXPE,31-Jan-2018,129.17,129.62,127.07,128.01,1334100
EXPO,31-Jan-2018,38.075,38.425,37.075,37.075,138200
EXTR,31-Jan-2018,15.19,15.55,14.88,15.03,21993200
EYE,31-Jan-2018,37.92,39.5,37.28,39.12,150600
EYEG,31-Jan-2018,16.5,16.65,15,15.6,506500
EYEN,31-Jan-2018,9.56,9.77,9.55,9.59,31500
EYES,31-Jan-2018,15.2,15.44,14.88,14.88,161700
EYESW,31-Jan-2018,0.78,0.78,0.73,0.73,4400
EZPW,31-Jan-2018,11.85,12.05,11.7,11.8,459200
FAAR,31-Jan-2018,29.26,29.395,29.26,29.395,2000
FAB,31-Jan-2018,58.03,58.03,57.63,57.96,3100
FAD,31-Jan-2018,69.67,69.695,69.125,69.2,15800
FALN,31-Jan-2018,27.59,27.61,27.505,27.61,59100
FANG,31-Jan-2018,126.34,127.24,125.155,125.5,1247700
FANH,31-Jan-2018,28.99,29.42,28.51,29.29,128000
FARM,31-Jan-2018,31.65,31.8,31.1,31.6,36800
FARO,31-Jan-2018,54.15,54.35,53.65,53.9,64500
FAST,31-Jan-2018,28,28.13,27.185,27.48,3551500
FAT,31-Jan-2018,8.1,8.44,8,8.12,21200
FATE,31-Jan-2018,9.44,9.56,9.04,9.14,352800
FB,31-Jan-2018,188.37,189.83,185.22,186.89,43275100
FBIO,31-Jan-2018,4,4.05,3.93,3.96,83600
FBIOP,31-Jan-2018,22.33,22.33,21.5,21.59,800
FBIZ,31-Jan-2018,24.18,24.845,24.14,24.47,41100
FBMS,31-Jan-2018,33,33,32.1,32.15,20400
FBNC,31-Jan-2018,36.6,36.73,36.36,36.4,81400
FBZ,31-Jan-2018,17.28,17.28,17.28,17.28,400
FCA,31-Jan-2018,33.87,34.34,33.48,33.48,3200
FCAL,31-Jan-2018,50.41,50.42,50.41,50.42,500
FCAP,31-Jan-2018,37.38,37.38,37.38,37.38,400
FCBC,31-Jan-2018,28,28.01,27.41,27.68,53900
FCCO,31-Jan-2018,21.85,22.25,21.45,21.85,2400
FCCY,31-Jan-2018,19.95,19.95,19.35,19.7,6200
FCEF,31-Jan-2018,22.29,22.34,22.19,22.23,28100
FCEL,31-Jan-2018,20.64,20.64,19.8,20.04,1109000
FCNCA,31-Jan-2018,436.84,436.84,425.41,425.41,24500
FCVT,31-Jan-2018,29.69,29.71,29.56,29.62,22600
FDBC,31-Jan-2018,49,49,49,49,400
FDIV,31-Jan-2018,51.48,51.49,51.23,51.23,11500
FDT,31-Jan-2018,66.2,66.33,65.73,65.89,128300
FDTS,31-Jan-2018,47.58,48.01,47.37,47.56,14000
FDUS,31-Jan-2018,14.65,14.885,14.61,14.7,138900
FEIM,31-Jan-2018,9.39,9.74,9.39,9.5,1900
FELE,31-Jan-2018,45.45,45.85,45.2,45.3,110900
FEM,31-Jan-2018,30.81,30.87,30.42,30.62,210300
FEMB,31-Jan-2018,43.65,43.92,43.65,43.8,8800
FEMS,31-Jan-2018,47.16,47.2,46.59,46.87,86000
FENC,31-Jan-2018,9,9.185,8.85,8.85,21000
FEP,31-Jan-2018,41.9,42.06,41.47,41.62,389000
FEUZ,31-Jan-2018,47.44,47.54,47.1,47.23,27600
FEX,31-Jan-2018,61.85,61.86,61.26,61.54,51700
FFBC,31-Jan-2018,28.65,28.8,28.425,28.5,292800
FFBW,31-Jan-2018,11,11,11,11,1000
FFHL,31-Jan-2018,3.73,3.95,3.67,3.75,23400
FFIC,31-Jan-2018,28,28.73,28,28.16,128200
FFIN,31-Jan-2018,23.575,23.6,23.05,23.225,195100
FFIV,31-Jan-2018,140.89,144.61,140.28,144.54,1287000
FFNW,31-Jan-2018,15.82,16,15.66,15.94,26300
FFWM,31-Jan-2018,19.2,19.61,19.11,19.45,422500
FGBI,31-Jan-2018,26.27,26.76,26.2,26.3,9500
FGEN,31-Jan-2018,60.55,61.85,58,58.55,542200
FGM,31-Jan-2018,54.44,54.46,54.07,54.07,3200
FHB,31-Jan-2018,28.71,29.005,28.49,28.9,420100
FIBK,31-Jan-2018,41.6,42.55,41.25,41.85,241600
FINX,31-Jan-2018,24.06,24.11,23.9,23.98,129500
FISI,31-Jan-2018,31.45,31.45,30.9,31.15,37400
FISV,31-Jan-2018,71.22,71.22,70.065,70.42,1484300
FITB,31-Jan-2018,33.08,33.47,32.99,33.1,4431400
FITBI,31-Jan-2018,28.19,28.29,27.91,28.28,24500
FIVE,31-Jan-2018,66.84,67.257,64.095,64.93,1042600
FIVN,31-Jan-2018,25.81,26.05,25.7,26.01,355100
FIXD,31-Jan-2018,50.17,50.17,49.94,50.1,48200
FIZZ,31-Jan-2018,111.18,112.58,109.6,110.47,192900
FJP,31-Jan-2018,62.24,62.24,61.56,61.62,77300
FKU,31-Jan-2018,42.1,42.1,41.98,41.98,3100
FLDM,31-Jan-2018,6.58,6.58,6.09,6.13,327300
FLEX,31-Jan-2018,18.34,18.43,17.94,18.01,6818400
FLGT,31-Jan-2018,4.61,4.73,4.29,4.47,20500
FLIC,31-Jan-2018,28.2,28.2,27.7,28.1,36800
FLL,31-Jan-2018,3.35,3.42,3.35,3.36,46200
FLN,31-Jan-2018,23.16,23.23,22.87,22.94,9500
FLWS,31-Jan-2018,11.25,11.4,10.35,10.425,476400
FLXN,31-Jan-2018,23.25,23.5,22.16,22.59,835000
FLXS,31-Jan-2018,44.98,46.37,42.745,43.08,29100
FMAO,31-Jan-2018,40.67,40.95,40.36,40.68,6800
FMB,31-Jan-2018,52.88,52.95,52.79,52.81,75100
FMBH,31-Jan-2018,38.15,38.65,38.02,38.5,32500
FMBI,31-Jan-2018,24.93,25.15,24.63,24.86,1159600
FMHI,31-Jan-2018,50.15,50.28,50.15,50.15,1200
FMNB,31-Jan-2018,15.3,15.3,14.5,14.6,47200
FNHC,31-Jan-2018,16.06,16.19,14.65,14.83,131600
FNK,31-Jan-2018,36.8,36.8,36.6,36.6,2500
FNKO,31-Jan-2018,7.48,7.49,7.35,7.37,224800
FNLC,31-Jan-2018,28.27,28.38,27.77,28.15,12400
FNWB,31-Jan-2018,16.96,17.07,16.95,16.95,6500
FNX,31-Jan-2018,68.495,68.495,67.656,67.849,37000
FNY,31-Jan-2018,41.69,41.73,41.31,41.4,10300
FOLD,31-Jan-2018,16.18,16.53,16.07,16.22,2193000
FONR,31-Jan-2018,24.75,25.3,24.5,24.55,21800
FORD,31-Jan-2018,2.43,2.54,2.35,2.43,337000
FORM,31-Jan-2018,15.1,15.15,14.25,14.35,764700
FORR,31-Jan-2018,44.2,44.85,43.45,43.65,94600
FORTY,31-Jan-2018,43.21,43.21,42.94,42.94,200
FOSL,31-Jan-2018,8.71,8.8,7.86,7.96,4980300
FOX,31-Jan-2018,37.83,37.84,36.26,36.49,3546300
FOXA,31-Jan-2018,38.52,38.52,36.67,36.9,13190600
FOXF,31-Jan-2018,39,39.2,38,38.35,235200
FPA,31-Jan-2018,37.83,37.83,37.39,37.53,2600
FPAY,31-Jan-2018,3.8,3.8,3.8,3.8,0
FPXI,31-Jan-2018,39.38,39.38,39.05,39.17,11200
FRBA,31-Jan-2018,13.8,14,13.8,13.9,6500
FRBK,31-Jan-2018,8.9,8.9,8.8,8.85,56200
FRGI,31-Jan-2018,19.55,19.65,19.05,19.2,205900
FRME,31-Jan-2018,43.32,43.63,43.08,43.16,171100
FRPH,31-Jan-2018,49.4,50.3,49.11,49.95,10800
FRPT,31-Jan-2018,18.7,18.75,18.1,18.4,106500
FRSH,31-Jan-2018,5.2,5.22,5.02,5.1,18900
FRSX,31-Jan-2018,4.7,4.79,4.46,4.51,77600
FRTA,31-Jan-2018,8.19,8.19,6.11,6.95,5105500
FSBC,31-Jan-2018,17.65,17.65,17.65,17.65,0
FSBW,31-Jan-2018,56.3,58.35,56.3,57.35,11900
FSFG,31-Jan-2018,59.87,66.23,59.8,63.5,6000
FSLR,31-Jan-2018,67.89,68.3,66.66,67.17,989000
FSTR,31-Jan-2018,27.4,28,27.05,27.15,55000
FSV,31-Jan-2018,67.88,67.88,66.36,66.51,21500
FSZ,31-Jan-2018,56.2,56.2,55.865,55.9,16500
FTA,31-Jan-2018,56.71,56.71,56.07,56.4,183300
FTAG,31-Jan-2018,29.503,29.503,29.365,29.45,1400
FTC,31-Jan-2018,65.97,66.16,65.5,65.72,34100
FTCS,31-Jan-2018,53.97,53.97,53.4,53.54,212800
FTEK,31-Jan-2018,1.15,1.17,1.11,1.14,15400
FTFT,31-Jan-2018,3.06,3.38,3.03,3.15,234900
FTGC,31-Jan-2018,21.03,21.04,20.97,21.02,152700
FTHI,31-Jan-2018,23.77,23.77,23.53,23.57,4900
FTLB,31-Jan-2018,23.24,23.28,23.22,23.24,4300
FTNT,31-Jan-2018,45.39,46.4,45.36,46.04,1436200
FTRI,31-Jan-2018,12.97,12.97,12.97,12.97,0
FTSL,31-Jan-2018,48.29,48.36,48.29,48.36,267700
FTSM,31-Jan-2018,60,60.03,60,60.03,353600
FTXD,31-Jan-2018,23.4,23.4,23.4,23.4,0
FTXG,31-Jan-2018,21.28,21.28,21.28,21.28,0
FTXH,31-Jan-2018,22.95,23.13,22.49,22.49,3700
FTXL,31-Jan-2018,32.69,32.69,32.2,32.3,6900
FTXN,31-Jan-2018,21.25,21.43,21.25,21.4,900
FTXO,31-Jan-2018,31.84,31.88,31.51,31.6,81800
FTXR,31-Jan-2018,26.85,26.85,26.71,26.71,300
FULT,31-Jan-2018,18,18.2,17.9,18.2,1159300
FUNC,31-Jan-2018,17.4,17.65,17.4,17.65,1100
FUND,31-Jan-2018,8.1,8.2,8.08,8.08,57300
FUSB,31-Jan-2018,12.65,12.75,12.65,12.73,4500
FUV,31-Jan-2018,3.415,3.415,3.14,3.35,48300
FV,31-Jan-2018,29.61,29.83,29.52,29.61,178300
FVC,31-Jan-2018,27.77,27.77,27.5,27.58,44400
FVE,31-Jan-2018,1.45,1.5,1.45,1.45,70500
FWONA,31-Jan-2018,36.15,36.355,35.55,35.68,218700
FWONK,31-Jan-2018,38.24,38.33,37.225,37.69,1192000
FWP,31-Jan-2018,3.44,3.5,3.2,3.4,92100
FWRD,31-Jan-2018,61.05,61.55,60.64,60.71,177000
FYC,31-Jan-2018,43.89,44.13,43.655,43.78,20500
FYT,31-Jan-2018,37.72,37.72,37.23,37.23,2800
FYX,31-Jan-2018,62.92,62.98,62.025,62.16,44800
GABC,31-Jan-2018,34.55,35.32,34.5,34.69,48100
GAIA,31-Jan-2018,12,12.1,11.88,11.95,124700
GAIN,31-Jan-2018,10.18,10.3,9.85,9.87,443700
GAINN,31-Jan-2018,25.43,25.43,25.43,25.43,400
GALT,31-Jan-2018,4.83,4.99,4.595,4.61,504500
GASS,31-Jan-2018,4.24,4.35,4.24,4.35,68500
GBCI,31-Jan-2018,39.28,39.63,39.06,39.22,347500
GBDC,31-Jan-2018,18.28,18.28,18.06,18.17,267800
GBLI,31-Jan-2018,42.64,42.98,41.885,42.35,13300
GBLIL,31-Jan-2018,25.4,25.7,25.4,25.58,11400
GBT,31-Jan-2018,61.15,62,57.7,57.9,734200
GCBC,31-Jan-2018,35.55,36.25,35.4,35.4,2800
GDEN,31-Jan-2018,30.84,31.68,30.84,31.32,171800
GDS,31-Jan-2018,26.97,28.86,26.44,28.54,1222100
GECC,31-Jan-2018,10.24,10.24,10.01,10.03,14500
GECCM,31-Jan-2018,24.51,24.52,24.44,24.45,10500
GENC,31-Jan-2018,17.2,17.2,16.75,16.8,14900
GENE,31-Jan-2018,7.4,7.4,7.4,7.4,0
GENY,31-Jan-2018,37.59,37.8,37.37,37.53,5200
GEOS,31-Jan-2018,13.99,14.06,13.75,13.76,96300
GERN,31-Jan-2018,2.6,2.67,2.3,2.45,5920700
GEVO,31-Jan-2018,11,11.12,10.8,10.9,281200
GFED,31-Jan-2018,22.15,22.25,22.15,22.25,3500
GGAL,31-Jan-2018,66.39,69.94,66.32,69.8,416300
GIFI,31-Jan-2018,13.2,13.35,12.9,12.9,43900
GIGM,31-Jan-2018,3.36,3.4,3.25,3.31,68100
GIII,31-Jan-2018,37.97,38.48,37.16,37.35,294400
GILD,31-Jan-2018,86.6,87.1,83.29,83.8,12790700
GILT,31-Jan-2018,8.22,8.34,8.2,8.26,20300
GLAD,31-Jan-2018,9.28,9.35,9.12,9.12,149500
GLBS,31-Jan-2018,1210,1340,1200,1330,1394800
GLBZ,31-Jan-2018,11.965,11.965,11.965,11.965,2000
GLDD,31-Jan-2018,4.7,4.84,4.65,4.7,315000
GLDI,31-Jan-2018,9.11,9.24,8.88,9.23,33200
GLMD,31-Jan-2018,10.15,10.15,9.81,9.98,12700
GLNG,31-Jan-2018,27.65,27.84,26.95,27.29,857600
GLPG,31-Jan-2018,120.73,121.09,118.17,118.22,92900
GLPI,31-Jan-2018,36.4,36.64,35.95,36.44,1422500
GLRE,31-Jan-2018,20.45,20.55,20.2,20.25,87100
GLYC,31-Jan-2018,22.64,23.2,22,22.49,390200
GNCA,31-Jan-2018,7.28,7.52,7.2,7.28,674100
GNMA,31-Jan-2018,48.98,49.01,48.88,48.93,20500
GNTX,31-Jan-2018,23.6,23.78,23.475,23.68,3834200
GNTY,31-Jan-2018,31.49,31.95,31.465,31.66,16500
GNUS,31-Jan-2018,2.85,2.85,2.6,2.71,60000
GOGL,31-Jan-2018,8.84,8.95,8.71,8.79,183900
GOGO,31-Jan-2018,9.68,9.77,9.54,9.64,815000
GOOD,31-Jan-2018,18.99,19.09,18.81,19,111400
GOODO,31-Jan-2018,25.91,26.22,25.91,26.17,5100
GOOG,31-Jan-2018,1170.57,1173,1159.13,1169.94,1538600
GOOGL,31-Jan-2018,1183.81,1186.32,1172.1,1182.22,1801100
GPAC,31-Jan-2018,10.2,10.795,10.026,10.05,126300
GPACU,31-Jan-2018,10.74,10.74,10.74,10.74,0
GPACW,31-Jan-2018,0.63,0.68,0.48,0.58,106000
GPP,31-Jan-2018,17.8,17.94,17.74,17.8,66900
GPRE,31-Jan-2018,17.7,17.85,17.375,17.5,456100
GPRO,31-Jan-2018,5.56,5.63,5.38,5.47,2986800
GRBK,31-Jan-2018,11.4,11.55,11.1,11.2,33700
GRFS,31-Jan-2018,24.71,24.915,24.64,24.85,460300
GRID,31-Jan-2018,52.97,52.97,52.39,52.53,3000
GRMN,31-Jan-2018,63.16,63.54,62.5,62.94,3278000
GROW,31-Jan-2018,3.55,3.6,3.33,3.46,527700
GRPN,31-Jan-2018,107.8,109.4,105.5,105.8,5536300
GRVY,31-Jan-2018,34.9,36.06,34.5,34.655,54100
GSBC,31-Jan-2018,51.75,51.95,50.6,50.75,22000
GSIT,31-Jan-2018,8.05,8.13,7.95,8.03,75200
GSM,31-Jan-2018,14.66,15.02,14.4,14.46,368600
GT,31-Jan-2018,35.35,35.45,34.76,34.82,2536200
GTHX,31-Jan-2018,25.88,26.1,23.58,23.91,71700
GTIM,31-Jan-2018,2.3,2.42,2.3,2.35,17500
GTYH,31-Jan-2018,9.93,9.96,9.93,9.93,7700
GURE,31-Jan-2018,7.45,7.5,7.4,7.5,40800
GWGH,31-Jan-2018,8.8,8.82,8.76,8.76,1100
GWRS,31-Jan-2018,8.91,8.96,8.9,8.9,7500
GYRO,31-Jan-2018,20.11,20.11,20.11,20.11,0
HA,31-Jan-2018,39.2,39.325,37.25,37.35,1608100
HAFC,31-Jan-2018,31.75,31.9,31.2,31.5,143300
HAIN,31-Jan-2018,38.3,38.54,37.9,38.14,729700
HALL,31-Jan-2018,10.21,10.28,10.08,10.13,27600
HALO,31-Jan-2018,19.22,19.49,18.52,18.68,662200
HAS,31-Jan-2018,94.42,94.91,93.86,94.57,947100
HAYN,31-Jan-2018,35.9,36.29,35.275,35.8,119000
HBAN,31-Jan-2018,16.13,16.25,16.1,16.18,9993900
HBANN,31-Jan-2018,25.11,25.55,25.11,25.45,8400
HBANP,31-Jan-2018,1355,1370.49,1352.87,1361,14400
HBCP,31-Jan-2018,42.32,43.04,42.32,42.86,15900
HBIO,31-Jan-2018,4.7,4.775,4.405,4.7,209200
HBMD,31-Jan-2018,21.15,21.25,21,21,13100
HBNC,31-Jan-2018,20.2333,20.3467,20.1133,20.3,103300
HBP,31-Jan-2018,7.13,7.24,7.02,7.06,33200
HCCI,31-Jan-2018,22.15,22.5,21.65,21.75,113500
HCKT,31-Jan-2018,16.13,16.21,15.83,16.01,171200
HCM,31-Jan-2018,37.49,37.85,36.85,37.31,75200
HCSG,31-Jan-2018,54.57,55.52,54.24,55.18,680500
HDSN,31-Jan-2018,6.49,6.52,6.22,6.28,384700
HEAR,31-Jan-2018,2.06,2.06,1.96,1.976,220500
HEES,31-Jan-2018,40.46,41.3,39.3,39.38,121600
HELE,31-Jan-2018,94.75,95,93.1,93.15,149500
HEWG,31-Jan-2018,29.56,29.57,29.42,29.48,195800
HFBL,31-Jan-2018,28.21,28.21,28.21,28.21,0
HFWA,31-Jan-2018,30.7,31,30.55,30.8,163800
HGSH,31-Jan-2018,3.36,3.56,3.32,3.38,64700
HIBB,31-Jan-2018,23.45,23.6,22.3,22.6,681100
HIFS,31-Jan-2018,227.99,228,214.61,216.72,5400
HIHO,31-Jan-2018,4.45,4.5,4.4,4.425,5100
HIMX,31-Jan-2018,8.64,8.78,8.42,8.53,3108300
HLG,31-Jan-2018,47.26,47.28,45.3,46.59,99900
HLIT,31-Jan-2018,3.75,3.8,3.65,3.65,392400
HLNE,31-Jan-2018,37.85,38.49,37.12,37.28,59200
HMHC,31-Jan-2018,8.6,8.6,8.35,8.4,709300
HMNF,31-Jan-2018,18.95,19.25,18.9,19.25,1900
HMST,31-Jan-2018,30,30.2,29.45,29.45,161100
HMTV,31-Jan-2018,10.8,10.85,10.6,10.7,42900
HNDL,31-Jan-2018,25.03,25.03,24.97,24.97,5700
HNNA,31-Jan-2018,18.44,18.44,17.84,17.87,10400
HNRG,31-Jan-2018,7.13,7.13,6.78,6.98,56800
HOFT,31-Jan-2018,38.8,38.85,37,37.15,58600
HOLI,31-Jan-2018,25.67,25.67,25.08,25.37,215300
HOLX,31-Jan-2018,43.23,43.43,42.47,42.7,2936800
HOMB,31-Jan-2018,24.19,24.33,24,24.01,856100
HONE,31-Jan-2018,10.2626,10.4297,10.2347,10.2849,55900
HOPE,31-Jan-2018,18.96,19.86,18.68,19.04,1035700
HOVNP,31-Jan-2018,7.75,7.9,7.51,7.9,10400
HQY,31-Jan-2018,51.2,51.75,50.53,50.62,314900
HRTX,31-Jan-2018,22.85,23.25,20.4,21.65,2158500
HRZN,31-Jan-2018,11.11,11.25,10.95,10.96,71700
HSIC,31-Jan-2018,78.11,78.11,75.05,75.68,1927600
HSII,31-Jan-2018,27,27.25,26.35,26.4,135400
HSKA,31-Jan-2018,78.71,79.53,77.54,77.95,38300
HSON,31-Jan-2018,21.4,22.5,21.2,21.3,14500
HSTM,31-Jan-2018,23.62,23.9,23.35,23.52,71100
HTBI,31-Jan-2018,25.55,25.75,25.25,25.35,26200
HTBK,31-Jan-2018,15.97,16.08,15.89,16.01,161200
HTBX,31-Jan-2018,2.83,3.7,2.83,3.4,5033700
HTGM,31-Jan-2018,3.72,3.88,3.42,3.57,1159900
HTHT,31-Jan-2018,38.365,38.475,37.325,37.3725,317800
HTLD,31-Jan-2018,22.81,23.37,22.63,22.69,716200
HTLF,31-Jan-2018,53.25,53.8,53.15,53.15,101300
HUBG,31-Jan-2018,48.15,48.945,47.4,48.05,404400
HURC,31-Jan-2018,46.9,46.9,44.8,45.15,19300
HURN,31-Jan-2018,41.2,41.55,40.1,40.15,105500
HVBC,31-Jan-2018,15.13,15.13,15.13,15.13,0
HWBK,31-Jan-2018,21.15,21.19,21,21.14,2500
HWKN,31-Jan-2018,35.4,35.68,34.85,35.3,35900
HX,31-Jan-2018,10.8,10.8,10.4,10.55,30400
HYAC,31-Jan-2018,9.56,9.56,9.56,9.56,0
HYACU,31-Jan-2018,9.96,9.98,9.96,9.98,13600
HYACW,31-Jan-2018,0.8,0.8,0.8,0.8,5000
HYLS,31-Jan-2018,48.54,48.555,48.336,48.45,124500
HYZD,31-Jan-2018,24.29,24.29,24.17,24.23,79100
HZNP,31-Jan-2018,15.21,15.3,14.45,14.55,1853700
IAC,31-Jan-2018,144.11,146.84,143.59,144.97,880100
IART,31-Jan-2018,52.99,53.34,52.4,52.66,257600
IBB,31-Jan-2018,116.32,117.15,113.7,114.08,3730600
IBCP,31-Jan-2018,23.1,23.1,22.75,23.05,141300
IBKR,31-Jan-2018,63.9,64.41,63.52,63.99,351600
IBOC,31-Jan-2018,42.05,42.1,41.5,41.5,197200
IBTX,31-Jan-2018,72.55,73.4,71.615,71.75,151800
ICAD,31-Jan-2018,3.19,3.3,3.13,3.25,43500
ICBK,31-Jan-2018,28.75,28.99,28.75,28.8,4900
ICCC,31-Jan-2018,7.179,7.445,7.179,7.32,6700
ICCH,31-Jan-2018,15.71,15.71,15.71,15.71,0
ICFI,31-Jan-2018,53.35,53.65,52.905,53.1,53800
ICHR,31-Jan-2018,33.53,33.58,31.66,31.92,990400
ICLK,31-Jan-2018,7.83,7.83,7.6,7.81,26500
ICLN,31-Jan-2018,9.66,9.67,9.55,9.57,164300
ICLR,31-Jan-2018,110.89,112.705,109.08,109.52,274500
ICPT,31-Jan-2018,67.67,68,61.65,62.1,1092900
ICUI,31-Jan-2018,232.7,233,228.9,228.95,82800
IDCC,31-Jan-2018,79.9,80.3,78,78.05,260000
IDLB,31-Jan-2018,31.51,31.6,31.49,31.51,37400
IDRA,31-Jan-2018,14.56,14.96,14.16,14.64,1936400
IDXX,31-Jan-2018,186.66,188.55,185.1,187.04,658900
IEF,31-Jan-2018,103.44,103.49,103.02,103.3,2966400
IEI,31-Jan-2018,120.79,120.86,120.54,120.67,989100
IEP,31-Jan-2018,57.99,58.84,57.91,58.65,75600
IESC,31-Jan-2018,17.75,17.9,17.45,17.5,24100
IEUS,31-Jan-2018,61.52,61.74,61.02,61.18,76500
IFGL,31-Jan-2018,31.36,31.43,31.27,31.38,116400
IFMK,31-Jan-2018,14.89,16,14.838,15.325,4400
IFRX,31-Jan-2018,22.76,23.95,21.76,23.95,31600
IFV,31-Jan-2018,23.72,23.96,23.7,23.76,118200
IGF,31-Jan-2018,45.79,45.83,45.55,45.77,296000
IGOV,31-Jan-2018,51.4,51.53,51.12,51.2,116900
III,31-Jan-2018,4.31,4.34,4.22,4.26,57700
IIN,31-Jan-2018,19.9,19.95,18.35,18.85,98600
IIVI,31-Jan-2018,45.05,45.05,42.5,42.65,1235900
IJT,31-Jan-2018,177.97,178.67,175.98,176.22,94800
IKNX,31-Jan-2018,8.02,8.04,8.01,8.01,400
ILMN,31-Jan-2018,247.45,248.1,229.16,232.64,1760400
ILPT,31-Jan-2018,22.55,22.73,21.74,22.6,320500
IMGN,31-Jan-2018,8.75,9.54,8.52,9.18,8786000
IMKTA,31-Jan-2018,34.35,34.7,33.35,33.6,92300
IMMP,31-Jan-2018,1.91,1.91,1.75,1.81,21200
IMMR,31-Jan-2018,11.31,11.31,10.315,10.38,2978500
IMOS,31-Jan-2018,18.2,18.2,18.03,18.14,35200
IMRN,31-Jan-2018,8.8,11.69,8.31,9.22,67200
IMRNW,31-Jan-2018,2,2.75,1.95,2.25,30000
IMTE,31-Jan-2018,5.49,6,5.49,6,200
INBK,31-Jan-2018,37.05,39.95,36.775,37.45,43800
INCY,31-Jan-2018,92.61,92.755,89.77,90.29,1404500
INDB,31-Jan-2018,71.85,72.25,71,71.35,59600
INDY,31-Jan-2018,38.91,39.1,38.75,38.88,336800
INFI,31-Jan-2018,2.06,2.11,2.02,2.05,625600
INFN,31-Jan-2018,6.59,6.6,6.435,6.47,777300
INFR,31-Jan-2018,29.58,29.58,29.52,29.52,200
INGN,31-Jan-2018,126.72,127.1,121.8,121.84,96500
INO,31-Jan-2018,4.74,4.82,4.53,4.56,1213300
INOD,31-Jan-2018,1.18,1.19,1.15,1.16,6200
INOV,31-Jan-2018,13.1,13.25,13,13,332000
INPX,31-Jan-2018,16200,16200,15390,15498,2788000
INSE,31-Jan-2018,6.5,6.85,6.5,6.6,100400
INSG,31-Jan-2018,2.18,2.19,2.1,2.14,164400
INSM,31-Jan-2018,26.63,27,25.17,25.44,1307700
INTC,31-Jan-2018,49.23,49.25,47.56,48.14,41619900
INTG,31-Jan-2018,23.8,23.8,23.8,23.8,0
INTU,31-Jan-2018,168.6,168.975,166.971,167.9,1314500
INVA,31-Jan-2018,15.03,15.19,14.53,14.59,981600
INVE,31-Jan-2018,3.78,3.835,3.69,3.7,19800
IONS,31-Jan-2018,53,53.64,52.09,52.52,681100
IOSP,31-Jan-2018,73.1,73.1,71.35,71.8,56800
IOVA,31-Jan-2018,15.1,15.75,14.95,15.55,1855900
IPAR,31-Jan-2018,47.8,47.8,45.55,45.6,115400
IPDN,31-Jan-2018,4.02,4.02,3.8,3.89,22600
IPGP,31-Jan-2018,253.97,255.36,250.02,251.95,359400
IPKW,31-Jan-2018,39.7,40.11,39.53,39.59,220900
IPWR,31-Jan-2018,12.5,12.5,11.6,12.3,287400
IRBT,31-Jan-2018,88.92,89.94,87.6,88.75,629800
IRCP,31-Jan-2018,51.58,54,51,53.99,27800
IRDM,31-Jan-2018,12.8,12.8,12.5,12.7,455900
IRIX,31-Jan-2018,7.29,7.42,7.24,7.36,7500
IRMD,31-Jan-2018,14.5,14.85,13.85,14.85,5200
IROQ,31-Jan-2018,20.26,20.26,20.26,20.26,0
IRTC,31-Jan-2018,60.62,61.15,59.54,59.63,131200
IRWD,31-Jan-2018,15.44,15.44,14.73,14.81,2120200
ISBC,31-Jan-2018,13.72,13.77,13.605,13.69,2098700
ISHG,31-Jan-2018,87.33,87.33,87.07,87.07,12100
ISIG,31-Jan-2018,1.31,1.34,1.3,1.32,54600
ISRG,31-Jan-2018,430,436.33,427.32,431.67,825900
ISSC,31-Jan-2018,3.1,3.15,3.1,3.1,37900
ISTB,31-Jan-2018,49.6,49.61,49.56,49.59,290800
ISTR,31-Jan-2018,24.7,25.55,24.7,25.25,9600
ITCI,31-Jan-2018,17.05,17.24,16.87,17.02,235700
ITI,31-Jan-2018,6.5,6.83,6.49,6.76,257500
ITIC,31-Jan-2018,194.37,194.5,194.37,194.5,1000
ITRI,31-Jan-2018,74.25,74.6,73.15,73.2,227100
ITRN,31-Jan-2018,35.35,35.475,34.725,34.9,41400
IUSB,31-Jan-2018,50.46,50.46,50.34,50.42,213700
IUSG,31-Jan-2018,57.73,57.93,57.27,57.53,255600
IUSV,31-Jan-2018,57.76,57.82,57.29,57.54,282000
IVAC,31-Jan-2018,6.9,6.95,6.745,6.8,160000
IXUS,31-Jan-2018,66.96,66.98,66.45,66.6,519400
IZEA,31-Jan-2018,4.3,4.37,4.01,4.13,94800
JACK,31-Jan-2018,92.28,92.37,90.87,90.99,472000
JAGX,31-Jan-2018,138.6,138.6,131.25,133.35,2495600
JAKK,31-Jan-2018,25.5,26,25,25.5,153100
JAZZ,31-Jan-2018,150.77,150.77,145.53,145.74,436500
JBHT,31-Jan-2018,121.6,123.055,120.665,120.83,970700
JBLU,31-Jan-2018,20.87,21.2,20.72,20.86,5333700
JBSS,31-Jan-2018,63.32,63.4,62.19,62.62,69600
JCS,31-Jan-2018,3.58,3.63,3.46,3.52,9700
JCTCF,31-Jan-2018,7.325,7.325,7.325,7.325,700
JD,31-Jan-2018,49.74,50.17,49.035,49.23,18376300
JJSF,31-Jan-2018,140.36,141.2,137.06,138.44,108300
JKHY,31-Jan-2018,125.27,125.89,124.24,124.66,343900
JNCE,31-Jan-2018,25.64,25.93,24.17,24.18,302600
JOBS,31-Jan-2018,69.88,71.35,69.72,70.09,253200
JOUT,31-Jan-2018,61.52,61.52,60.18,60.27,23300
JRJC,31-Jan-2018,24.5,25.9,24.1,25,69600
JRVR,31-Jan-2018,38.01,38.11,37.56,38,164900
JSM,31-Jan-2018,22.22,22.43,21.995,22.27,5900
JSMD,31-Jan-2018,40.85,40.85,40.69,40.71,15600
JSML,31-Jan-2018,38.29,38.29,38,38,1600
JVA,31-Jan-2018,4.29,4.29,4.24,4.28,5800
JYNT,31-Jan-2018,5.08,5.1,5,5.06,43700
KALA,31-Jan-2018,15.1,15.59,14.85,15.22,791400
KALU,31-Jan-2018,111.13,111.66,109.34,110.24,159100
KALV,31-Jan-2018,11.1,11.25,10.2,10.44,49100
KBAL,31-Jan-2018,18.97,18.97,18.54,18.57,113700
KBSF,31-Jan-2018,4.92,5.18,4.7,5.01,120000
KBWB,31-Jan-2018,59.41,59.89,59.29,59.47,140900
KBWD,31-Jan-2018,23.06,23.13,22.58,22.755,182900
KBWP,31-Jan-2018,61.16,61.16,60.67,60.96,7200
KBWR,31-Jan-2018,57.99,58.24,57.8,58.12,10800
KBWY,31-Jan-2018,33.44,33.58,33.2,33.48,58000
KE,31-Jan-2018,18.95,19.695,18.45,18.5,79600
KELYA,31-Jan-2018,28.52,28.72,28.11,28.31,230500
KELYB,31-Jan-2018,27,27,27,27,0
KEQU,31-Jan-2018,29.3,29.5,28.625,28.8,1300
KFFB,31-Jan-2018,8.8,8.8,8.75,8.75,500
KFRC,31-Jan-2018,25.85,26.2,25.8,25.95,127500
KHC,31-Jan-2018,78.62,78.88,77.85,78.39,4855600
KIDS,31-Jan-2018,17.49,17.6,16.01,17,61700
KINS,31-Jan-2018,21.05,21.15,20.55,20.95,34600
KIRK,31-Jan-2018,11.36,11.36,10.58,10.61,208600
KLAC,31-Jan-2018,110.03,111.035,109.05,109.8,1173900
KLIC,31-Jan-2018,23.81,23.9,22.61,23.01,1221300
KMDA,31-Jan-2018,5.45,5.5,5.45,5.45,6200
KMPH,31-Jan-2018,5.8,6.25,5.65,6.25,356000
KNDI,31-Jan-2018,6.15,6.35,6,6,387000
KNSL,31-Jan-2018,48.01,48.56,47.27,47.72,58400
KOPN,31-Jan-2018,3.44,3.74,3.315,3.32,595000
KOSS,31-Jan-2018,2.07,2.1,2,2.01,63400
KPTI,31-Jan-2018,12.07,12.2,11.51,11.82,130700
KRMA,31-Jan-2018,20.4,20.405,20.299,20.399,7200
KRNT,31-Jan-2018,15.05,15.25,14.75,14.95,282200
KRNY,31-Jan-2018,13.6,13.8,13.45,13.8,464100
KRYS,31-Jan-2018,9.67,9.98,9.55,9.98,1000
KTCC,31-Jan-2018,6.95,7.23,6.95,7.17,76900
KTOS,31-Jan-2018,11.94,11.98,11.15,11.41,4803100
KURA,31-Jan-2018,19.4,19.85,19.05,19.6,263500
KVHI,31-Jan-2018,11.4,11.51,11,11.05,14500
KZIA,31-Jan-2018,5.67,5.82,5.2,5.3,64000
LAKE,31-Jan-2018,14,14.1,13.7,14.1,31000
LAMR,31-Jan-2018,72.13,72.66,71.91,72,1061600
LANC,31-Jan-2018,126.98,128.745,126.43,128.4,449800
LAND,31-Jan-2018,12.36,12.83,12.35,12.73,73400
LARK,31-Jan-2018,28.55,29.28,28.5,28.67,1300
LAUR,31-Jan-2018,15.17,15.4,13.65,14.4,1865500
LAWS,31-Jan-2018,23.75,23.95,23.55,23.75,10400
LBAI,31-Jan-2018,20.45,20.5,20.1,20.1,129200
LBC,31-Jan-2018,12.95,12.955,12.645,12.8,111800
LBRDA,31-Jan-2018,94.51,95.07,92.58,94.64,123000
LBRDK,31-Jan-2018,95.17,95.93,94.94,95.55,411700
LBTYA,31-Jan-2018,36.58,37.44,36.58,37.38,1919900
LBTYB,31-Jan-2018,38.2,38.2,38.2,38.2,0
LBTYK,31-Jan-2018,35.15,35.77,35.06,35.76,2459300
LCA,31-Jan-2018,9.98,9.98,9.97,9.97,151000
LCAHU,31-Jan-2018,10.58,10.58,10.58,10.58,0
LCAHW,31-Jan-2018,0.65,0.65,0.65,0.65,0
LCNB,31-Jan-2018,19.75,20.15,18.55,19.5,15600
LCUT,31-Jan-2018,17.3,17.45,17,17.45,131100
LE,31-Jan-2018,17.8,17.9,16.8,16.8,144300
LECO,31-Jan-2018,99.1,99.25,97.35,97.57,730900
LEDS,31-Jan-2018,4.19,4.59,4.1,4.1,150100
LEGR,31-Jan-2018,29.99,30.13,29.99,30.05,58800
LFUS,31-Jan-2018,212,221.41,211.99,217.34,340500
LFVN,31-Jan-2018,4.54,4.54,4.39,4.44,20300
LGIH,31-Jan-2018,68.68,69.57,67.66,67.68,358900
LGND,31-Jan-2018,165.74,165.74,157.13,157.62,408000
LHCG,31-Jan-2018,64.46,64.61,62.28,62.8,259100
LIFE,31-Jan-2018,50.4,51.1,49.7,49.7,19100
LILA,31-Jan-2018,22.9,23.15,22.44,22.45,430800
LILAK,31-Jan-2018,23.17,23.17,22.64,22.67,729300
LINC,31-Jan-2018,1.7,2.05,1.68,1.87,56600
LIND,31-Jan-2018,9.61,9.68,9.24,9.27,46900
LINK,31-Jan-2018,5.54,5.54,5.13,5.25,8400
LITE,31-Jan-2018,46.2,46.575,45.25,46.3,2485500
LIVE,31-Jan-2018,14.5,14.7,14.13,14.53,37600
LIVN,31-Jan-2018,85.24,85.95,84.74,85.55,230100
LJPC,31-Jan-2018,33.71,34.5,32.88,34.26,570500
LKFN,31-Jan-2018,48.35,48.52,47.88,48.07,59400
LKQ,31-Jan-2018,42.19,42.37,41.61,42.03,1732000
LLNW,31-Jan-2018,4.39,4.43,4.335,4.38,556900
LMAT,31-Jan-2018,35.46,35.79,34.73,34.8,169400
LMB,31-Jan-2018,14.29,14.34,13.95,14.01,6800
LMBS,31-Jan-2018,51.47,51.49,51.44,51.48,298600
LMFA,31-Jan-2018,19.1,21.5,17.6,17.8,2601600
LMNR,31-Jan-2018,21.34,21.585,21.1,21.55,25600
LMRK,31-Jan-2018,18.07,18.15,17.9,18.1,53100
LMRKO,31-Jan-2018,24.99,24.99,24.8,24.85,7000
LMRKP,31-Jan-2018,25.4,25.4,25.15,25.29,2600
LNDC,31-Jan-2018,13.15,13.25,12.95,13.15,46500
LNTH,31-Jan-2018,23.9,23.9,22.85,23,246000
LOAN,31-Jan-2018,6.05,6.05,5.95,5.95,10100
LOB,31-Jan-2018,27,27.24,26.6,26.9,102800
LOCO,31-Jan-2018,10.1,10.25,10.05,10.05,150900
LOGI,31-Jan-2018,42.36,42.52,41.82,42.3,1016500
LOOP,31-Jan-2018,16.52,16.66,16.24,16.49,3900
LOPE,31-Jan-2018,92.72,93.08,91.305,92.99,189900
LORL,31-Jan-2018,47.85,47.85,46.65,46.65,17900
LPCN,31-Jan-2018,1.37,1.37,1.32,1.32,160400
LPLA,31-Jan-2018,59.38,60.08,59.38,59.66,815200
LPSN,31-Jan-2018,11.85,12.05,11.775,11.95,410500
LPTH,31-Jan-2018,2.43,2.45,2.36,2.4,221200
LPTX,31-Jan-2018,7.06,7.06,6.66,6.68,41300
LQDT,31-Jan-2018,4.85,4.9,4.7,4.8,116800
LRCX,31-Jan-2018,192.91,193.83,190.25,191.52,2838300
LRGE,31-Jan-2018,31.52,31.52,31.37,31.37,2800
LSBK,31-Jan-2018,17.24,17.24,16.05,17,3700
LSCC,31-Jan-2018,6.64,6.66,6.49,6.51,1339700
LSTR,31-Jan-2018,112.2,118.1,110.85,111.05,450300
LSXMA,31-Jan-2018,43.72,45.2,43.26,45.01,753300
LSXMB,31-Jan-2018,44.09,44.09,44.09,44.09,0
LSXMK,31-Jan-2018,43.45,44.9,42.96,44.81,806600
LTBR,31-Jan-2018,27.6,28.68,24.72,25.2,2235600
LTRPA,31-Jan-2018,9.05,9.05,8.75,8.8,794500
LTRPB,31-Jan-2018,9.05,9.05,9.05,9.05,0
LTRX,31-Jan-2018,2.16,2.25,2.15,2.19,66500
LULU,31-Jan-2018,79.47,80.05,77.98,78.21,1058300
LUNA,31-Jan-2018,2.18,2.2,2.16,2.18,38000
LVHD,31-Jan-2018,31.62,31.62,31.35,31.52,37600
LWAY,31-Jan-2018,7.81,8.07,7.81,7.94,23100
LX,31-Jan-2018,15.96,16.49,15.5,15.83,238100
LXRX,31-Jan-2018,11.11,11.43,10.96,10.98,624200
LYL,31-Jan-2018,4.74,4.76,4.58,4.68,8600
LYTS,31-Jan-2018,8.26,8.45,7.9,7.94,147500
MACK,31-Jan-2018,11.13,11.13,10.48,10.5,133800
MACQ,31-Jan-2018,10.25,10.25,10.24,10.24,1200
MACQW,31-Jan-2018,0.5,0.5,0.39,0.39,500
MANH,31-Jan-2018,53.09,53.145,52.37,52.82,458100
MANT,31-Jan-2018,51.84,52.215,51.61,52.07,133700
MAR,31-Jan-2018,147.42,148.66,146.93,147.34,2329800
MARA,31-Jan-2018,11.76,14.4,11.76,12.84,3602300
MARK,31-Jan-2018,9.73,10.17,9.09,9.65,3776500
MARPS,31-Jan-2018,4.35,4.38,4.35,4.38,1000
MASI,31-Jan-2018,95.65,96.445,94.24,94.24,685900
MAT,31-Jan-2018,16.06,16.08,15.73,15.84,5711800
MATW,31-Jan-2018,56.05,56.55,55.4,56,174600
MAYS,31-Jan-2018,38.1,38.1,38.1,38.1,0
MBB,31-Jan-2018,105.47,105.49,105.21,105.36,650000
MBCN,31-Jan-2018,25,25,24.85,24.85,1300
MBII,31-Jan-2018,1.07,1.08,1.04,1.04,69800
MBIN,31-Jan-2018,20.5,20.61,20.28,20.3,11800
MBIO,31-Jan-2018,12.02,12.26,11.74,11.94,91300
MBOT,31-Jan-2018,16.2,16.8,15.75,15.75,1808500
MBRX,31-Jan-2018,1.93,1.97,1.87,1.88,168600
MBUU,31-Jan-2018,33.38,33.73,32.4,33.26,159400
MBWM,31-Jan-2018,35.26,35.385,34.8,34.89,57800
MCBC,31-Jan-2018,10.36,10.4,10.24,10.36,36700
MCEF,31-Jan-2018,18.09,18.1,18.07,18.07,8400
MCFT,31-Jan-2018,24.2,24.42,23.9,24.17,101800
MCHI,31-Jan-2018,75.17,75.27,74.345,74.81,3753000
MCHP,31-Jan-2018,95.79,96.21,94.52,95.22,1943900
MCHX,31-Jan-2018,3.419,3.46,3.415,3.43,42500
MCRB,31-Jan-2018,10.57,10.57,9.9,10.1,193100
MCRI,31-Jan-2018,45.16,45.63,44.85,45.56,52300
MDB,31-Jan-2018,27.99,28,26.78,27.11,234400
MDGL,31-Jan-2018,140,150.03,139,148.42,448800
MDGS,31-Jan-2018,6.04,6.08,5.6,5.8,44800
MDIV,31-Jan-2018,19.05,19.11,18.96,19.05,188900
MDLZ,31-Jan-2018,44.33,44.77,44.17,44.4,14783900
MDRX,31-Jan-2018,15.2,15.3,14.82,14.91,1274500
MDWD,31-Jan-2018,4.6,4.6,4.4,4.45,17600
MDXG,31-Jan-2018,17.75,17.88,16.52,16.75,2145400
MEDP,31-Jan-2018,37.83,38.01,36.68,36.73,156600
MEIP,31-Jan-2018,2.15,2.23,2.15,2.18,102900
MELI,31-Jan-2018,386.15,392,384.07,387.1,361000
MEOH,31-Jan-2018,62.75,63.25,62.245,62.95,697800
MERC,31-Jan-2018,14.75,14.9,14.6,14.7,179000
MESO,31-Jan-2018,5.5,5.52,5.33,5.41,20400
METC,31-Jan-2018,8.03,8.33,7.6,8.04,137100
MFIN,31-Jan-2018,4.77,4.915,4.31,4.31,252700
MGEE,31-Jan-2018,59.5,59.95,59.2,59.8,80700
MGI,31-Jan-2018,12.21,12.39,12.06,12.08,618400
MGIC,31-Jan-2018,9.02,9.17,9,9.15,12700
MGLN,31-Jan-2018,100.3,101.55,98.025,99.6,207700
MGNX,31-Jan-2018,22.61,22.69,22.16,22.57,169900
MGPI,31-Jan-2018,81.3,90.34,81.3,89.54,572000
MGRC,31-Jan-2018,48.99,49,47.8,47.8,66600
MGYR,31-Jan-2018,12.84,12.84,12.84,12.84,400
MHLD,31-Jan-2018,7.3,7.425,7.05,7.05,544000
MICT,31-Jan-2018,1.11,1.13,1.09,1.1,107700
MIDD,31-Jan-2018,137.32,138.64,135.09,136.26,525900
MILN,31-Jan-2018,20.53,20.58,20.4,20.4,6800
MIME,31-Jan-2018,31.12,31.21,30.65,30.75,108900
MIND,31-Jan-2018,3.75,3.83,3.75,3.76,7000
MINDP,31-Jan-2018,22.8,22.82,22.8,22.81,5600
MITK,31-Jan-2018,7.7,8,7.65,7.8,593700
MKSI,31-Jan-2018,102.85,103.6,100.8,102.3,704500
MKTX,31-Jan-2018,195.84,199.8,190.48,196.21,462300
MLAB,31-Jan-2018,139.99,149,139.7,141.51,35900
MLCO,31-Jan-2018,29.1,29.91,29.1,29.78,5333300
MLHR,31-Jan-2018,40.85,41.35,40.25,40.5,334400
MLVF,31-Jan-2018,24,24,23.9,23.9,2900
MMLP,31-Jan-2018,16.25,16.4,16.055,16.2,81900
MMSI,31-Jan-2018,47,47.15,46.2,46.45,218100
MMYT,31-Jan-2018,30.95,31.2,30.5,30.6,228000
MNDO,31-Jan-2018,2.82,2.84,2.8,2.8,54200
MNKD,31-Jan-2018,2.66,2.82,2.48,2.72,7952200
MNOV,31-Jan-2018,8.5,9.06,8.5,8.84,102300
MNRO,31-Jan-2018,57.55,58.45,55.975,56.5,535100
MNST,31-Jan-2018,67.64,68.58,67.55,68.23,2504600
MNTX,31-Jan-2018,10.32,10.575,10.01,10.25,33200
MOFG,31-Jan-2018,33.4,33.4,33.01,33.08,33800
MOMO,31-Jan-2018,31.51,31.93,31.23,31.53,3901400
MORN,31-Jan-2018,95.96,96.77,95.82,96.12,64400
MOSY,31-Jan-2018,23.8,24.8,23.8,24.6,97400
MOXC,31-Jan-2018,18,18,16.8,17.5,14000
MPAA,31-Jan-2018,27.43,27.67,27,27.22,101100
MPAC,31-Jan-2018,9.75,9.75,9.75,9.75,7900
MPACU,31-Jan-2018,10.15,10.15,10.15,10.15,100
MPACW,31-Jan-2018,0.45,0.45,0.45,0.45,0
MPB,31-Jan-2018,33.1,33.1,33.1,33.1,0
MPWR,31-Jan-2018,120.88,121.71,118.52,119.12,225200
MRAM,31-Jan-2018,9.75,9.99,9.21,9.44,207600
MRBK,31-Jan-2018,18.67,18.68,18.1,18.24,19400
MRCC,31-Jan-2018,14.15,14.26,13.8,13.85,230100
MRCY,31-Jan-2018,48.01,48.39,47.45,48.02,485100
MRLN,31-Jan-2018,23.55,23.8,23.4,23.7,19600
MRNS,31-Jan-2018,30.16,30.68,29.32,29.68,384300
MRSN,31-Jan-2018,15.05,15.36,14.17,14.25,73200
MRTN,31-Jan-2018,15.4667,15.8,15.2667,15.4667,341000
MRTX,31-Jan-2018,25.7,26.4,25.325,25.9,326400
MRUS,31-Jan-2018,18.99,19,18.5,18.58,56100
MRVL,31-Jan-2018,23.34,23.54,23.26,23.33,11191500
MSBI,31-Jan-2018,32.38,32.74,31.97,32.09,109500
MSEX,31-Jan-2018,37.39,38.08,37.09,37.66,87400
MSFT,31-Jan-2018,93.75,95.4,93.51,95.01,48756300
MSON,31-Jan-2018,9,9,8.9,8.9,4400
MSTR,31-Jan-2018,138.53,139.85,136.97,137.73,75300
MTBC,31-Jan-2018,3.8,3.82,3.19,3.25,859700
MTBCP,31-Jan-2018,25.89,25.9,25.86,25.9,4200
MTCH,31-Jan-2018,35.1,35.405,34.51,34.94,1300300
MTEM,31-Jan-2018,10.56,10.8,10.25,10.78,67000
MTEX,31-Jan-2018,14.45,14.45,14.45,14.45,600
MTLS,31-Jan-2018,13.45,13.5,12.75,12.84,45700
MTP,31-Jan-2018,54,55,52.5,53.5,7100
MTRX,31-Jan-2018,17.7,18.1,17.7,17.9,148600
MTSI,31-Jan-2018,32.03,32.11,30.795,31.1,742200
MU,31-Jan-2018,42.98,43.96,42.77,43.72,45114600
MVBF,31-Jan-2018,20,20,18.97,19.38,5400
MVIS,31-Jan-2018,1.2,1.28,1.18,1.19,725300
MYGN,31-Jan-2018,38.89,39.38,36.6,36.88,717700
MYRG,31-Jan-2018,34.35,34.72,33.57,33.88,78400
MYSZ,31-Jan-2018,2.21,2.25,1.92,1.92,5720600
NAII,31-Jan-2018,11.15,11.2,11,11.15,8100
NAKD,31-Jan-2018,730,742.5,705,715,44600
NAOV,31-Jan-2018,4.58,4.78,4.54,4.7,6900
NATH,31-Jan-2018,71.75,72.3,69.35,71.4,19100
NATI,31-Jan-2018,48.25,50.59,47.62,49.94,1368800
NATR,31-Jan-2018,11.65,12.15,11.6,12.1,29300
NAVI,31-Jan-2018,14.23,14.45,14.13,14.25,2617200
NBEV,31-Jan-2018,3.82,3.84,3.43,3.58,738300
NBIX,31-Jan-2018,87.72,88.61,85.26,85.47,757300
NBN,31-Jan-2018,22.8,23.3,22.3,22.35,62300
NBRV,31-Jan-2018,6.59,6.63,6.4,6.47,172800
NBTB,31-Jan-2018,37.05,37.45,36.89,36.91,83300
NCBS,31-Jan-2018,54.7,55.73,54.01,54.29,18000
NCMI,31-Jan-2018,6.62,6.86,6.62,6.7,320200
NCNA,31-Jan-2018,24.76,25.19,24.075,24.51,114400
NCSM,31-Jan-2018,16.38,16.64,16.16,16.34,144700
NCTY,31-Jan-2018,26.1,26.7,24.3,24.3,399300
NDAQ,31-Jan-2018,82.05,83.29,80.53,80.91,1800700
NDLS,31-Jan-2018,5.9,5.95,5.85,5.9,29300
NDRA,31-Jan-2018,3.45,3.58,3.43,3.51,13000
NDRAW,31-Jan-2018,1.15,1.15,1.15,1.15,600
NDSN,31-Jan-2018,145.48,146.32,142.52,143.72,488900
NEO,31-Jan-2018,7.8,7.81,7.56,7.72,347000
NEOG,31-Jan-2018,59.91,59.91,58.74,59.03,191700
NEON,31-Jan-2018,6.2,6.5,6.05,6.05,196100
NEPT,31-Jan-2018,3.27,3.45,3.17,3.38,680600
NERV,31-Jan-2018,6.25,6.65,6.25,6.4,180900
NESR,31-Jan-2018,9.98,9.98,9.91,9.98,3000
NESRW,31-Jan-2018,0.9,1.01,0.85,0.86,110300
NETE,31-Jan-2018,7.35,7.4,7.07,7.32,116500
NEWT,31-Jan-2018,17.5,17.53,16.83,17.09,318800
NEWTL,31-Jan-2018,25.35,25.45,25.35,25.45,3100
NEWTZ,31-Jan-2018,25.99,25.99,25.99,25.99,0
NEXT,31-Jan-2018,7.15,7.25,6.81,6.83,9700
NFBK,31-Jan-2018,16.94,17.03,16.73,16.78,65000
NFLX,31-Jan-2018,281.94,282.29,269.58,270.3,11695000
NH,31-Jan-2018,3.26,3.59,3.24,3.44,154200
NHTC,31-Jan-2018,16.36,16.36,15.92,16.12,183600
NICE,31-Jan-2018,91.14,91.69,90.585,91.1,125900
NICK,31-Jan-2018,9.33,9.375,9.1,9.15,14100
NKSH,31-Jan-2018,43.5,44.25,43.1,43.6,5600
NKTR,31-Jan-2018,83.5,84.45,82.54,83.61,1329500
NMIH,31-Jan-2018,19.15,19.45,18.3,18.35,559200
NMRD,31-Jan-2018,50.6,65,50.5,56.3,78500
NMRK,31-Jan-2018,16.44,16.68,16.35,16.61,264600
NNBR,31-Jan-2018,29.25,29.35,28.7,28.8,59800
NNDM,31-Jan-2018,34.6,34.6,33.1,33.3,13000
NODK,31-Jan-2018,16.65,16.84,16.61,16.62,3400
NOVN,31-Jan-2018,3.58,3.58,3.31,3.33,98500
NOVT,31-Jan-2018,58.9,59.45,57.9,57.9,167600
NRIM,31-Jan-2018,33.45,33.7,33.35,33.45,9600
NSEC,31-Jan-2018,16.3,17.15,16.05,16.05,3400
NSIT,31-Jan-2018,37.83,37.96,36.87,37.12,243400
NSSC,31-Jan-2018,9.1,9.35,8.85,9.15,30800
NSTG,31-Jan-2018,7.99,7.99,7.5,7.52,68500
NSYS,31-Jan-2018,3.66,3.85,3.65,3.73,16500
NTAP,31-Jan-2018,62.69,63.22,61.14,61.5,2950300
NTCT,31-Jan-2018,28.6,28.9,28.25,28.5,2206600
NTES,31-Jan-2018,65.444,65.706,63.998,64.032,1057500
NTGR,31-Jan-2018,69.15,70.35,69.15,69.7,481100
NTIC,31-Jan-2018,11.95,12.175,11.625,11.875,7800
NTLA,31-Jan-2018,26.1,26.98,25.34,25.7,1470500
NTNX,31-Jan-2018,32.41,33.43,31.79,32.1,2676000
NTRA,31-Jan-2018,10.67,10.82,10.22,10.41,139500
NTRS,31-Jan-2018,105.74,107.73,105.01,105.39,833900
NTWK,31-Jan-2018,4.9,5,4.85,4.95,13000
NUAN,31-Jan-2018,17.72,17.895,17.58,17.81,1812900
NURO,31-Jan-2018,1.76,1.76,1.63,1.66,232500
NUVA,31-Jan-2018,50.05,50.3,48.33,48.87,1460800
NVAX,31-Jan-2018,41.6,42,40,40.4,8371700
NVCN,31-Jan-2018,550,555,515,545,1204000
NVCR,31-Jan-2018,23.05,23.6,22.2,22.45,552000
NVDA,31-Jan-2018,61.4425,62.3175,61.1125,61.45,11964400
NVEC,31-Jan-2018,85,86.08,82.5,83.82,16700
NVEE,31-Jan-2018,48.15,49.35,48,48.75,95000
NVFY,31-Jan-2018,11.1,11.85,11.1,11.35,134100
NVIV,31-Jan-2018,412.5,412.5,382.5,397.5,204100
NVMI,31-Jan-2018,27.19,27.3,26.77,27.12,120000
NWBI,31-Jan-2018,16.94,17.03,16.84,16.85,1032000
NWFL,31-Jan-2018,31.8,32.27,31.4,31.41,3100
NWLI,31-Jan-2018,324.11,327.62,323.9,323.9,4800
NWPX,31-Jan-2018,19.78,20.01,18.97,19,73700
NWS,31-Jan-2018,17.2,17.45,17,17.45,411700
NWSA,31-Jan-2018,17.04,17.14,16.945,17.11,1710600
NXPI,31-Jan-2018,120.55,120.7,119.89,120.32,2942100
NXST,31-Jan-2018,78.15,78.85,74.7,75.1,646800
NXTD,31-Jan-2018,2.09,2.39,2.08,2.17,1304000
NYMT,31-Jan-2018,5.85,5.86,5.64,5.7,1747500
NYMTN,31-Jan-2018,24.65,24.75,24.49,24.625,21500
NYMTP,31-Jan-2018,24.35,24.35,24.07,24.12,10600
NYMX,31-Jan-2018,3.31,3.475,3.3,3.36,87200
OBAS,31-Jan-2018,8.25,8.25,8.25,8.25,0
OBCI,31-Jan-2018,4.055,4.19,4.055,4.1,11400
OBSV,31-Jan-2018,12,12.74,11.98,12.69,20300
OCC,31-Jan-2018,2.4,2.5,2.35,2.35,7100
OCFC,31-Jan-2018,26.9,27.02,26.42,26.45,152200
OCSL,31-Jan-2018,4.94,5.02,4.92,4.94,909500
OCUL,31-Jan-2018,5.87,5.95,5.38,5.47,638500
ODFL,31-Jan-2018,147.98,149.96,146.06,146.45,568200
ODP,31-Jan-2018,33.3,33.5,32.2,32.5,4510700
ODT,31-Jan-2018,21.24,21.35,20.35,20.78,28200
OESX,31-Jan-2018,0.8,0.815,0.765,0.78,56300
OFED,31-Jan-2018,28.9,28.9,28.5,28.5,400
OFIX,31-Jan-2018,57.6,57.87,57.09,57.44,125800
OFLX,31-Jan-2018,61.78,62.575,60.94,61.16,10100
OFS,31-Jan-2018,11.74,11.92,11.55,11.84,63700
OIIM,31-Jan-2018,1.5,1.55,1.47,1.51,429900
OKTA,31-Jan-2018,30.11,30.7,29.26,29.45,743600
OLED,31-Jan-2018,165.15,166.895,157.5,159.4,1554400
OLLI,31-Jan-2018,55.9,56.7,55,55.55,520500
OMAB,31-Jan-2018,40.93,41.2,40.43,40.93,101400
OMCL,31-Jan-2018,49.8,49.9,48.45,49.05,351600
OMER,31-Jan-2018,16.67,16.79,16.06,16.19,469900
OMEX,31-Jan-2018,3.68,3.72,3.64,3.65,11300
ON,31-Jan-2018,25.04,25.15,24.56,24.74,6185300
ONB,31-Jan-2018,17.5,17.5,17.15,17.3,818800
ONCS,31-Jan-2018,18.4,19,18,18.1,707700
ONEQ,31-Jan-2018,292.26,292.45,289.735,291,39000
ONTX,31-Jan-2018,21,22.2,19.95,20.55,105400
ONVO,31-Jan-2018,1.4,1.44,1.37,1.4,945000
OPGN,31-Jan-2018,102.6,111,74.4,77,1164600
OPHC,31-Jan-2018,4.95,5.07,4.75,4.82,10200
OPK,31-Jan-2018,4.58,4.65,4.41,4.46,5351900
OPNT,31-Jan-2018,21.51,21.99,20.56,20.65,9300
OPOF,31-Jan-2018,29.32,31.5,29.14,29.34,12800
OPTN,31-Jan-2018,19.93,19.96,18.62,18.95,49000
ORLY,31-Jan-2018,269.13,271.56,263.7,264.69,1513900
ORMP,31-Jan-2018,8.19,8.19,8.05,8.14,21800
ORRF,31-Jan-2018,24.85,25.35,24.85,25.15,4900
OSBC,31-Jan-2018,14.7,15,14.7,14.7,124100
OSIS,31-Jan-2018,66.64,66.87,64.805,66.08,626600
OSTK,31-Jan-2018,72.25,73.95,67.1,68.7,3798100
OSUR,31-Jan-2018,21.97,22.13,21.64,21.76,414700
OTEX,31-Jan-2018,34.09,34.47,33.95,34.25,699700
OTIC,31-Jan-2018,5.85,5.9,5.65,5.8,370400
OTTR,31-Jan-2018,42.45,42.7,41.9,42.6,119200
OVBC,31-Jan-2018,42,42,40.8,41.1,6900
OVID,31-Jan-2018,8.32,8.979,8.185,8.5,138000
OVLY,31-Jan-2018,20.5,20.75,20.4,20.62,3400
OXBR,31-Jan-2018,2.35,2.6,2.25,2.4,59900
OXBRW,31-Jan-2018,0.065,0.1,0.065,0.1,1300
OXLC,31-Jan-2018,10.11,10.23,10.07,10.17,194000
OXLCM,31-Jan-2018,25.38,25.46,25.35,25.45,4900
OXLCO,31-Jan-2018,25.32,25.32,25.32,25.32,0
PAAS,31-Jan-2018,16.53,16.54,15.87,16.42,1588100
PACB,31-Jan-2018,2.9,2.93,2.8,2.84,894300
PACW,31-Jan-2018,52.85,53.08,52.29,52.43,539900
PAHC,31-Jan-2018,34.85,34.85,33.95,34.05,76300
PANL,31-Jan-2018,2.42,2.48,2.39,2.43,66000
PATI,31-Jan-2018,18.72,20.14,18.72,19.53,3700
PATK,31-Jan-2018,67.15,67.75,63.6,64.05,319500
PAVM,31-Jan-2018,1.8,1.82,1.7,1.82,69800
PAVMW,31-Jan-2018,0.8,0.95,0.8,0.95,1000
PAYX,31-Jan-2018,68.6,68.8,67.795,68.25,2135600
PBCT,31-Jan-2018,19.59,19.75,19.49,19.67,6456200
PBCTP,31-Jan-2018,25.92,26.86,25.7,26,25800
PBHC,31-Jan-2018,15.54,15.54,15.54,15.54,0
PBIP,31-Jan-2018,17.35,17.7,16.42,17.31,43200
PBPB,31-Jan-2018,12.3,12.3,12,12.1,189100
PBYI,31-Jan-2018,66.65,67.95,65.15,66.85,844200
PCAR,31-Jan-2018,76.23,77,73.94,74.56,3206500
PCH,31-Jan-2018,54.3,54.7,52.55,52.9,764200
PCOM,31-Jan-2018,12.21,12.21,11.7,11.76,62200
PCRX,31-Jan-2018,36.6,36.95,35.35,36.4,1130900
PCSB,31-Jan-2018,20.14,20.3,20.1,20.18,44200
PCTI,31-Jan-2018,7.32,7.33,7.16,7.16,10000
PCTY,31-Jan-2018,51.82,52.72,50.59,52.29,218700
PCYG,31-Jan-2018,8.65,9.05,8.35,8.65,67500
PCYO,31-Jan-2018,8.7,8.7,8.54,8.65,18900
PDBC,31-Jan-2018,17.98,18,17.9,18,6149100
PDCE,31-Jan-2018,52.38,52.83,51.24,51.85,550300
PDCO,31-Jan-2018,36.83,36.83,35.69,35.89,1260900
PDEX,31-Jan-2018,6.75,6.85,6.7,6.75,12300
PDFS,31-Jan-2018,14.01,14.08,13.5,13.68,367800
PDLB,31-Jan-2018,15.1,15.2,15.1,15.15,13300
PDP,31-Jan-2018,55.18,55.28,54.78,54.92,105300
PEBK,31-Jan-2018,30.63,31.91,30.63,31.5,3000
PEBO,31-Jan-2018,36,36.29,35.5,35.61,41100
PEGA,31-Jan-2018,51.05,51.6,50.5,50.85,312700
PENN,31-Jan-2018,32.15,32.35,31.68,31.91,799200
PEP,31-Jan-2018,119.84,120.75,119.51,120.3,4018000
PERI,31-Jan-2018,3.12,3.21,3.09,3.15,21600
PESI,31-Jan-2018,3.63,3.65,3.6,3.6,1500
PETQ,31-Jan-2018,24.61,24.88,23.64,24,107900
PETS,31-Jan-2018,47.04,47.96,44.81,45.2,616900
PETZ,31-Jan-2018,5.16,5.39,4.64,4.91,150100
PEY,31-Jan-2018,18.38,18.39,18.215,18.32,251900
PEZ,31-Jan-2018,52.29,52.86,51.95,52.01,3400
PFBC,31-Jan-2018,65,65.28,64.31,64.42,65000
PFF,31-Jan-2018,37.48,37.62,37.48,37.62,3187600
PFG,31-Jan-2018,68.6,69.05,67.34,67.6,2510800
PFI,31-Jan-2018,36.94,36.94,36.58,36.58,3600
PFIE,31-Jan-2018,2.17,2.33,2.17,2.29,190300
PFIN,31-Jan-2018,7.75,7.75,7.5,7.57,5000
PFIS,31-Jan-2018,45.71,46.61,45.42,45.43,8000
PFLT,31-Jan-2018,13.68,13.82,13.62,13.71,395800
PFM,31-Jan-2018,27.36,27.43,27.22,27.355,21300
PFMT,31-Jan-2018,2.6,2.625,2.53,2.55,47700
PFSW,31-Jan-2018,7.34,7.4,7.28,7.38,8200
PGC,31-Jan-2018,36.58,37.39,35.4,35.52,43400
PGJ,31-Jan-2018,49.38,49.52,48.96,49.01,62900
PHO,31-Jan-2018,31.48,31.51,31.12,31.18,69800
PI,31-Jan-2018,21.83,22.57,21.83,22.37,481100
PID,31-Jan-2018,17.095,17.11,16.971,17.01,142400
PIE,31-Jan-2018,21.89,21.91,21.69,21.83,463700
PINC,31-Jan-2018,33.51,33.78,32.23,32.45,833100
PIO,31-Jan-2018,26.86,26.87,26.63,26.73,9700
PIRS,31-Jan-2018,7.64,7.78,7.44,7.53,461300
PIXY,31-Jan-2018,134,140,125.2,127.6,36500
PIZ,31-Jan-2018,29.41,29.45,29.28,29.37,38400
PKBK,31-Jan-2018,18.5909,18.5909,18.3182,18.3182,4000
PKOH,31-Jan-2018,44.55,44.6,41.15,41.65,34400
PKW,31-Jan-2018,62.68,62.85,62.1,62.34,60000
PLAB,31-Jan-2018,8.45,8.525,8.3,8.4,950400
PLAY,31-Jan-2018,46.9,47.45,46.41,47,662100
PLBC,31-Jan-2018,24.45,25.28,24.25,24.8,8800
PLCE,31-Jan-2018,154.1,154.85,149.8,149.8,436400
PLPC,31-Jan-2018,80,80.05,73.23,73.86,18300
PLSE,31-Jan-2018,20.8,21.49,20.25,20.28,82300
PLUG,31-Jan-2018,1.94,1.98,1.92,1.93,1913100
PLUS,31-Jan-2018,79.1,79.7,77,77.2,94900
PLW,31-Jan-2018,32.01,32.01,31.85,31.91,19500
PLXP,31-Jan-2018,6.55,6.6,6.25,6.5,13000
PLXS,31-Jan-2018,60.26,60.645,59.73,59.75,121100
PLYA,31-Jan-2018,10.27,10.41,10.19,10.36,407700
PMBC,31-Jan-2018,8.6,8.75,8.55,8.65,8900
PMD,31-Jan-2018,20.32,20.495,19.89,20.01,6400
PME,31-Jan-2018,3.15,3.24,3.13,3.24,26200
PMTS,31-Jan-2018,2.8,3.09,2.74,2.89,296900
PNBK,31-Jan-2018,17.89,17.9,17.85,17.85,1000
PNFP,31-Jan-2018,63.35,63.8,62.95,63.3,326900
PNNT,31-Jan-2018,6.78,6.8,6.69,6.74,332400
PNQI,31-Jan-2018,131.02,131.02,129.7,129.98,25600
PNRG,31-Jan-2018,49.95,49.95,49.95,49.95,0
PODD,31-Jan-2018,77.73,78.43,76.265,76.53,297600
POLA,31-Jan-2018,4.5,4.585,4.39,4.46,16500
POOL,31-Jan-2018,135.04,136.72,134.25,135.24,153800
POWI,31-Jan-2018,38.475,38.575,37.125,37.35,190400
POWL,31-Jan-2018,32.86,32.97,32.39,32.59,29900
PPBI,31-Jan-2018,41.5,41.845,40.6,40.75,280300
PPC,31-Jan-2018,29.65,29.71,27.67,27.77,2706000
PPH,31-Jan-2018,62.75,62.88,61.32,61.49,333000
PPIH,31-Jan-2018,9.15,9.15,9.05,9.05,2000
PPSI,31-Jan-2018,7.8,7.8,7.6,7.6,600
PRAA,31-Jan-2018,36.15,36.25,35.4,35.75,442400
PRFT,31-Jan-2018,19.58,19.69,19.33,19.37,122200
PRFZ,31-Jan-2018,133.46,134.15,132.32,132.75,100600
PRGS,31-Jan-2018,50.48,50.88,49.78,49.83,225500
PRIM,31-Jan-2018,26.18,26.38,25.91,26,265000
PRN,31-Jan-2018,64.55,64.55,63.69,63.8,20900
PROV,31-Jan-2018,18.17,18.36,18.16,18.3,19800
PRPH,31-Jan-2018,2.47,2.49,2.47,2.48,2000
PRPO,31-Jan-2018,17.4,17.4,16.95,17.1,10800
PRQR,31-Jan-2018,3.2,3.35,3.2,3.2,93300
PRTA,31-Jan-2018,42.97,43.31,41.57,41.8,277100
PRTK,31-Jan-2018,15.8,15.85,15.25,15.25,669300
PRTS,31-Jan-2018,2.53,2.55,2.44,2.45,26400
PSC,31-Jan-2018,32.12,32.12,32.12,32.12,0
PSCC,31-Jan-2018,73.09,73.09,73,73,2900
PSCD,31-Jan-2018,62.12,62.12,61.155,61.57,2500
PSCE,31-Jan-2018,16.14,16.27,15.92,16.065,61200
PSCF,31-Jan-2018,54.86,55.09,54.56,54.56,11400
PSCH,31-Jan-2018,110.93,111.83,109.16,109.52,31100
PSCI,31-Jan-2018,66.22,66.22,65.485,65.485,3300
PSCM,31-Jan-2018,54.67,54.67,53.47,53.54,5300
PSCT,31-Jan-2018,79.13,79.23,77.79,77.81,43800
PSCU,31-Jan-2018,52.08,52.08,51.41,51.79,6100
PSEC,31-Jan-2018,6.63,6.7,6.31,6.45,5364100
PSET,31-Jan-2018,34.13,34.26,33.91,33.96,9400
PSL,31-Jan-2018,66.7,67.12,66.57,66.57,2300
PSMT,31-Jan-2018,86.95,86.95,84.25,85.2,199300
PSTI,31-Jan-2018,15,15.05,14.7,14.9,141300
PTC,31-Jan-2018,73.29,73.3,72.19,72.68,759100
PTCT,31-Jan-2018,26.92,27.37,26.11,26.29,933900
PTEN,31-Jan-2018,24.13,24.18,23.29,23.62,3475400
PTF,31-Jan-2018,56.73,56.86,56.73,56.78,1600
PTGX,31-Jan-2018,22.17,23.1,21.645,22.86,163300
PTH,31-Jan-2018,79.95,79.95,78.57,78.84,10700
PTNR,31-Jan-2018,5.66,5.67,5.6,5.6,16600
PTSI,31-Jan-2018,36.96,37.97,36.96,37.51,17900
PUI,31-Jan-2018,26.42,26.42,26.25,26.42,13600
PULM,31-Jan-2018,19.3,20,17.9,18.1,437200
PVAC,31-Jan-2018,43.61,44,42.03,42.24,76400
PVBC,31-Jan-2018,11.725,12.575,11.725,12.025,5800
PWOD,31-Jan-2018,28.9,28.9,28.2,28.58,14500
PXI,31-Jan-2018,40.13,40.13,39.85,40.1,5100
PXLW,31-Jan-2018,6.15,6.22,5.91,6.09,398700
PXS,31-Jan-2018,1.72,1.78,1.67,1.71,435400
PY,31-Jan-2018,34.81,34.81,34.81,34.81,0
PYPL,31-Jan-2018,84.18,86.32,84.16,85.32,15221400
PYZ,31-Jan-2018,73.58,73.58,71.6,71.95,5000
PZZA,31-Jan-2018,64.32,65.45,64,64.89,632400
QABA,31-Jan-2018,54.38,54.58,54.02,54.07,29100
QADA,31-Jan-2018,43,43.4,42.6,43.1,44600
QADB,31-Jan-2018,33.19,33.19,33.19,33.19,0
QAT,31-Jan-2018,16.87,17,16.86,16.94,9600
QCLN,31-Jan-2018,20.97,20.99,20.66,20.75,12000
QCOM,31-Jan-2018,67.55,68.38,67.46,68.25,13915600
QCRH,31-Jan-2018,43.9,44.05,43.6,43.85,54600
QDEL,31-Jan-2018,46.94,47.13,45.74,45.78,482500
QIWI,31-Jan-2018,17.04,17.19,16.52,16.69,177400
QLYS,31-Jan-2018,63.25,63.6,62.405,62.5,182600
QNST,31-Jan-2018,9.6,9.63,9.22,9.33,300900
QQEW,31-Jan-2018,62.54,62.56,61.95,62.22,44800
QQQ,31-Jan-2018,169.67,169.99,168.34,169.4,42449200
QQQX,31-Jan-2018,25.2,25.39,25.1,25.26,105900
QQXT,31-Jan-2018,52.355,52.355,51.988,52,11300
QRHC,31-Jan-2018,2.34,2.34,2.3,2.31,6200
QRVO,31-Jan-2018,71.5,71.95,69.88,71.77,3927000
QTEC,31-Jan-2018,77.64,77.9,77.13,77.57,237700
QTNT,31-Jan-2018,3.34,3.35,2.82,2.915,728600
QTRX,31-Jan-2018,21.15,21.82,20.28,20.81,95700
QUIK,31-Jan-2018,30.1,30.8,29.12,30.66,406600
QUMU,31-Jan-2018,1.86,1.89,1.82,1.82,5300
QURE,31-Jan-2018,19.47,19.76,18.37,18.5,264800
QYLD,31-Jan-2018,24.96,24.96,24.82,24.86,48800
RADA,31-Jan-2018,2.33,2.42,2.3,2.32,248100
RAIL,31-Jan-2018,15.94,16.01,15.53,15.58,58500
RAND,31-Jan-2018,24.93,24.93,24.57,24.57,1900
RARE,31-Jan-2018,54.94,55.465,53.26,53.35,381300
RAVE,31-Jan-2018,1.6,1.66,1.55,1.6,19400
RAVN,31-Jan-2018,38.25,40.85,38.2,38.55,365200
RBB,31-Jan-2018,26.95,26.95,26.68,26.88,12800
RBBN,31-Jan-2018,7,7.07,6.93,6.98,170400
RBCAA,31-Jan-2018,38.65,38.82,38.5,38.54,14600
RBCN,31-Jan-2018,7.63,7.78,7.6,7.77,12500
RBNC,31-Jan-2018,24.62,24.67,23.7,24,23800
RCII,31-Jan-2018,10.94,11,10.67,10.83,1352200
RCKT,31-Jan-2018,17.62,19.07,17.15,19.04,911800
RCKY,31-Jan-2018,17.85,18,17.2,17.2,27800
RCM,31-Jan-2018,5.29,5.34,5.13,5.15,235700
RCMT,31-Jan-2018,6.46,6.46,6.28,6.33,67600
RCON,31-Jan-2018,7.85,8.7,7.45,7.6,2944900
RDCM,31-Jan-2018,18.45,18.55,18,18,16800
RDFN,31-Jan-2018,21,21,20.15,20.3,1818500
RDHL,31-Jan-2018,6.59,6.66,6,6.22,166200
RDI,31-Jan-2018,16.53,17.43,16.43,16.49,31500
RDIB,31-Jan-2018,25.81,27.66,25.81,27.66,2000
RDNT,31-Jan-2018,10.25,10.35,10.1,10.15,106200
RDUS,31-Jan-2018,39.27,39.35,37.34,37.66,581900
RDVY,31-Jan-2018,31.44,31.46,31.04,31.15,166700
RDWR,31-Jan-2018,20.4,20.405,20,20.11,97800
REDU,31-Jan-2018,16.45,16.56,16.26,16.45,339100
REFR,31-Jan-2018,0.96,0.98,0.96,0.965,20800
REGI,31-Jan-2018,10.65,10.9,10.6,10.7,252500
REGN,31-Jan-2018,379.16,379.17,366.18,366.65,848700
RELL,31-Jan-2018,8.15,8.2,8.04,8.11,67300
REPH,31-Jan-2018,8.72,8.76,8.6,8.61,62600
RESN,31-Jan-2018,5.15,5.5,5.05,5.45,216100
RETA,31-Jan-2018,29.1,29.23,28.35,28.5,137200
RETO,31-Jan-2018,9.65,10.3,9.28,9.46,193300
RFDI,31-Jan-2018,68.09,68.11,67.61,67.78,49400
RFEM,31-Jan-2018,77.94,77.94,77.22,77.41,7800
RFEU,31-Jan-2018,69.55,69.92,69.29,69.55,10000
RFIL,31-Jan-2018,3.1,3.15,3.05,3.15,17000
RGCO,31-Jan-2018,24.85,24.85,24.39,24.4,9400
RGEN,31-Jan-2018,36.04,36.1,35.21,35.37,300600
RGLD,31-Jan-2018,88.15,89.17,87.32,89,839500
RGLS,31-Jan-2018,15.12,15.24,14.28,14.28,447700
RGNX,31-Jan-2018,28.55,28.55,26.6,26.8,216100
RIBT,31-Jan-2018,1.35,1.37,1.34,1.35,74000
RICK,31-Jan-2018,30.16,30.28,29.25,29.38,77300
RIGL,31-Jan-2018,4,4.07,3.95,4,1393500
RILY,31-Jan-2018,18.75,18.95,18.55,18.75,47100
RILYL,31-Jan-2018,26,26,25.68,25.68,5300
RILYZ,31-Jan-2018,25.36,25.36,25.08,25.18,7600
RING,31-Jan-2018,19.15,19.37,18.89,19.26,209200
RIOT,31-Jan-2018,14.5,15.67,13.36,13.75,1701500
RKDA,31-Jan-2018,5.4,5.75,5.15,5.45,109100
RMBL,31-Jan-2018,104.6,104.6,91.4,92,43800
RMBS,31-Jan-2018,13.13,13.15,12.63,12.63,1865900
RMCF,31-Jan-2018,12.35,12.44,12.34,12.39,6300
RMNI,31-Jan-2018,8.69,8.69,8.53,8.65,19000
RMR,31-Jan-2018,64.8,65.25,64.65,64.75,25200
RMTI,31-Jan-2018,5.63,5.68,5.53,5.575,171600
RNDB,31-Jan-2018,15.78,15.8,15.75,15.75,8400
RNDM,31-Jan-2018,54.51,54.51,54.33,54.33,1400
RNDV,31-Jan-2018,22.74,22.74,22.56,22.61,6900
RNEM,31-Jan-2018,58.62,58.7,58.62,58.65,1100
RNLC,31-Jan-2018,22.75,22.765,22.745,22.75,7000
RNMC,31-Jan-2018,22.4,22.4,22.17,22.23,2900
RNSC,31-Jan-2018,21.95,21.95,21.835,21.835,900
RNST,31-Jan-2018,43.41,43.47,43.04,43.07,82700
RNWK,31-Jan-2018,3.12,3.18,3.07,3.1,128300
ROCK,31-Jan-2018,37.55,38.2,37,37.1,181700
ROIC,31-Jan-2018,18.25,18.39,18.07,18.37,1121700
ROKU,31-Jan-2018,42.3,42.3,40.48,40.62,2245800
ROLL,31-Jan-2018,128.54,129.61,125.035,126,71300
ROST,31-Jan-2018,83.51,83.68,81.66,82.39,3241200
RPD,31-Jan-2018,24.56,24.73,23.71,23.98,388100
RPRX,31-Jan-2018,0.675,0.675,0.665,0.67,251700
RRGB,31-Jan-2018,52.65,53.1,52.2,52.65,375700
RRR,31-Jan-2018,34.15,35.69,34.15,34.73,1022600
RSLS,31-Jan-2018,3318,3381,3171,3213,100000
RUN,31-Jan-2018,6.7,6.73,6.32,6.33,1155400
RUSHA,31-Jan-2018,36.0333,36.36,35.7067,36.0333,214600
RUSHB,31-Jan-2018,33.8867,34.2533,33.8333,33.88,3300
RUTH,31-Jan-2018,23.85,24.1,23.65,23.7,282300
RVNC,31-Jan-2018,34.2,34.4,32.25,32.3,456900
RVSB,31-Jan-2018,9.5,9.67,9.5,9.58,84300
RWLK,31-Jan-2018,27.5,27.5,26.25,27.5,147700
RXDX,31-Jan-2018,26.95,26.95,26.9,26.9,1873700
RYAAY,31-Jan-2018,122.87,123.69,122.32,122.71,274400
RYTM,31-Jan-2018,31.99,31.99,31.25,31.57,105400
SABR,31-Jan-2018,20.74,20.865,20.67,20.77,2168500
SAFM,31-Jan-2018,132.3,132.3,126.24,126.9,954700
SAFT,31-Jan-2018,78.9,78.9,77.45,77.65,135700
SAGE,31-Jan-2018,190,195.97,186,189.8,838700
SAIA,31-Jan-2018,77.15,78.8,75.15,75.55,281700
SAL,31-Jan-2018,44.3,45,44.2,44.2,2300
SALM,31-Jan-2018,4.65,4.65,4.55,4.65,69600
SAMG,31-Jan-2018,15.23,15.35,15,15,13200
SANM,31-Jan-2018,26.5,26.95,26.15,26.15,1221100
SANW,31-Jan-2018,4.2,4.3,3.93,4.25,181500
SASR,31-Jan-2018,38.05,38.46,37.71,37.82,124600
SATS,31-Jan-2018,50.0581,50.2369,49.2781,49.6113,154000
SBAC,31-Jan-2018,170.27,176,169.75,174.5,1399200
SBCF,31-Jan-2018,26.25,26.705,25.79,25.79,268000
SBFG,31-Jan-2018,18.89,18.89,18.89,18.89,600
SBGI,31-Jan-2018,38.65,38.85,36.725,37.1,1726500
SBLK,31-Jan-2018,11.11,11.4,10.8,11.15,398200
SBNY,31-Jan-2018,152.95,154.37,151.65,154,320200
SBRA,31-Jan-2018,17.87,18.12,17.73,18.1,1860300
SBSI,31-Jan-2018,34.56,34.62,34.3,34.33,134300
SBT,31-Jan-2018,12.9,13.01,12.57,12.69,167000
SBUX,31-Jan-2018,57.23,57.45,56.7,56.81,13118300
SCHL,31-Jan-2018,38.99,39.09,38.4,38.42,93700
SCHN,31-Jan-2018,34.95,35.35,33.85,34.2,278800
SCKT,31-Jan-2018,3.5,3.58,3.5,3.5,10100
SCPH,31-Jan-2018,12.85,12.92,12.53,12.75,42900
SCSC,31-Jan-2018,34.85,34.95,34.1,34.2,91100
SCVL,31-Jan-2018,23.3,23.345,22.39,22.85,476700
SCWX,31-Jan-2018,9.7,9.95,9.47,9.68,28200
SCYX,31-Jan-2018,18.4,18.6,17.8,17.8,201500
SCZ,31-Jan-2018,68.27,68.3,67.775,67.85,2380500
SDVY,31-Jan-2018,21.59,21.59,21.59,21.59,200
SEAC,31-Jan-2018,3.32,3.37,3.25,3.33,406500
SECO,31-Jan-2018,14.16,14.64,13.89,14.43,343300
SEDG,31-Jan-2018,35.95,36.8,35.675,35.9,308800
SEED,31-Jan-2018,11,11.2,10.6,10.8,457700
SEIC,31-Jan-2018,75.57,76.09,74.58,75.15,1116200
SELB,31-Jan-2018,9.42,9.55,9.07,9.14,323400
SELF,31-Jan-2018,4.56,4.58,4.56,4.57,10800
SENEA,31-Jan-2018,33.3,33.35,31.4,31.55,20100
SENEB,31-Jan-2018,33,33,32.2,32.36,1000
SFBC,31-Jan-2018,34.75,34.75,34.5,34.695,3300
SFIX,31-Jan-2018,20.13,21.2,20,20.67,456100
SFM,31-Jan-2018,28.23,28.29,27.68,27.93,1690500
SFNC,31-Jan-2018,29.575,29.75,29.375,29.425,196500
SFST,31-Jan-2018,43.5,43.85,43.3,43.55,17500
SGBX,31-Jan-2018,92,92,90,90.2,19700
SGC,31-Jan-2018,23.9,24.48,23.42,23.56,11400
SGEN,31-Jan-2018,53.99,53.99,51.475,52.3,2441900
SGH,31-Jan-2018,36.49,37.4,36.1,36.27,226100
SGLB,31-Jan-2018,16.9,18.5,16.6,17.3,57800
SGLBW,31-Jan-2018,0.4,0.51,0.35,0.35,10500
SGMA,31-Jan-2018,8.89,9.12,8.83,9.02,3400
SGMO,31-Jan-2018,21,21.425,20.65,20.85,841300
SGMS,31-Jan-2018,46.5,47.3,46.25,46.65,807800
SGOC,31-Jan-2018,1.2,1.35,1.18,1.25,292500
SGRP,31-Jan-2018,1.62,1.65,1.51,1.53,115100
SGRY,31-Jan-2018,16.1,16.1,15.35,15.55,249800
SHBI,31-Jan-2018,18.26,18.44,18.22,18.22,13000
SHEN,31-Jan-2018,33.65,34.15,33.275,34,122400
SHIP,31-Jan-2018,256.8,256.8,247.2,247.2,97300
SHIPW,31-Jan-2018,0.19,0.19,0.19,0.19,100
SHOO,31-Jan-2018,31.0667,31.3,30.5167,30.8,382400
SHV,31-Jan-2018,110.34,110.38,110.32,110.38,826800
SHY,31-Jan-2018,83.64,83.64,83.56,83.61,2078600
SIEB,31-Jan-2018,9.18,9.46,9.17,9.17,29600
SIEN,31-Jan-2018,12.12,12.8,11.79,12.61,687600
SIFY,31-Jan-2018,2.12,2.18,2.07,2.12,134000
SIGI,31-Jan-2018,58.85,58.9,58.05,58.25,100300
SILC,31-Jan-2018,63.39,66.565,63.39,65.21,77300
SIMO,31-Jan-2018,49.94,50.2,49.25,49.68,838400
SINO,31-Jan-2018,11.55,12.15,11.45,11.75,99000
SIRI,31-Jan-2018,5.89,6.14,5.85,6.11,29616600
SIVB,31-Jan-2018,248.11,254.84,245.31,246.55,374400
SKOR,31-Jan-2018,50.16,50.16,50.12,50.12,300
SKYW,31-Jan-2018,56.1,57,55.7,55.75,241700
SKYY,31-Jan-2018,49.12,49.29,48.93,49.1,158000
SLAB,31-Jan-2018,98.5,99.25,94.95,96.2,400700
SLCT,31-Jan-2018,12.87,13.04,12.85,12.9,4400
SLDB,31-Jan-2018,22.86,27.5,21.97,25.62,669000
SLGN,31-Jan-2018,30,31.05,29.21,29.89,1434900
SLM,31-Jan-2018,11.49,11.69,11.4,11.44,5218100
SLMBP,31-Jan-2018,68.14,69,68.14,69,2100
SLNO,31-Jan-2018,1.76,2,1.75,1.77,68500
SLP,31-Jan-2018,16.1,16.25,16.05,16.15,28000
SLQD,31-Jan-2018,50.03,50.06,50,50.03,244700
SLRC,31-Jan-2018,21.12,21.22,20.89,21,347700
SLS,31-Jan-2018,6.76,6.76,6.38,6.5,27700
SLVO,31-Jan-2018,8.06,8.09,8.02,8.07,26200
SMBC,31-Jan-2018,38.37,38.4,37.07,38.33,12400
SMBK,31-Jan-2018,21.76,21.99,21.75,21.8,45800
SMCI,31-Jan-2018,22.9,23.85,22.15,22.825,1476800
SMCP,31-Jan-2018,26.64,26.7,26.625,26.665,1000
SMED,31-Jan-2018,4.57,4.6,4.44,4.45,23200
SMIT,31-Jan-2018,3.05,3.07,2.91,2.93,43100
SMMF,31-Jan-2018,26.07,26.1,25.7,25.7,21000
SMMT,31-Jan-2018,14.48,14.59,13.55,13.73,187700
SMPL,31-Jan-2018,14,14.11,13.59,13.6,233700
SMSI,31-Jan-2018,2.5,2.57,2.5,2.56,18500
SMTC,31-Jan-2018,36.5,36.75,35.55,35.8,410900
SNBR,31-Jan-2018,38.54,38.97,37.62,37.64,652600
SNCR,31-Jan-2018,8.26,8.28,8.01,8.04,572300
SND,31-Jan-2018,9.4,9.7,9.07,9.19,484900
SNDX,31-Jan-2018,11.22,11.85,10.61,10.9,416800
SNES,31-Jan-2018,14.8,14.8,14,14.1,133100
SNFCA,31-Jan-2018,4.49,4.5,4.4,4.4,4700
SNGX,31-Jan-2018,2.22,2.24,2.15,2.2,54300
SNGXW,31-Jan-2018,0.585,0.65,0.585,0.65,4800
SNLN,31-Jan-2018,18.36,18.38,18.35,18.38,171800
SNOA,31-Jan-2018,47.25,47.25,45.18,45.99,13900
SNPS,31-Jan-2018,91.51,92.91,91.275,92.61,1099400
SNSR,31-Jan-2018,20.89,20.92,20.62,20.71,56300
SOCL,31-Jan-2018,36.09,36.27,35.7,35.88,84100
SOHO,31-Jan-2018,6.22,6.39,6.22,6.35,36200
SOHOB,31-Jan-2018,25.04,25.18,25.04,25.17,2600
SOHOO,31-Jan-2018,25.2,25.211,24.975,24.99,3300
SOHU,31-Jan-2018,38.76,38.9,38.24,38.51,631900
SOXX,31-Jan-2018,185.13,185.79,183.45,184.47,387800
SP,31-Jan-2018,39.45,40,38.5,38.55,145700
SPCB,31-Jan-2018,3.41,3.46,3.4,3.44,103200
SPI,31-Jan-2018,1.01,1.02,0.87,0.93,857100
SPLK,31-Jan-2018,91.96,93.06,91.47,92.37,1200300
SPNE,31-Jan-2018,10.88,11.01,10.51,10.99,39200
SPNS,31-Jan-2018,12.39,12.55,12.35,12.44,69500
SPOK,31-Jan-2018,15.4,15.7,15.15,15.6,79200
SPPI,31-Jan-2018,22.55,22.68,21.45,21.54,697400
SPRO,31-Jan-2018,12.5,12.5,12.1,12.1,13700
SPSC,31-Jan-2018,52.46,53.18,52.12,52.6,81400
SPTN,31-Jan-2018,24.92,25.28,24.17,24.37,301500
SPWH,31-Jan-2018,5.2,5.21,5.07,5.07,269800
SPWR,31-Jan-2018,8.25,8.49,7.91,7.93,3227400
SQLV,31-Jan-2018,27.81,27.81,27.59,27.59,700
SQQQ,31-Jan-2018,331.6,339.6,329.6,333.6,9352900
SRAX,31-Jan-2018,5.28,5.46,5.05,5.18,263700
SRCE,31-Jan-2018,52.48,52.965,52.16,52.29,55400
SRCL,31-Jan-2018,72.99,75.45,72.78,75.36,1424300
SRDX,31-Jan-2018,29.85,29.85,28.8,29.3,24200
SRET,31-Jan-2018,15.28,15.28,14.96,15.02,70500
SREV,31-Jan-2018,3.48,3.51,3.38,3.4,646900
SRNE,31-Jan-2018,7.7,7.75,7.1,7.4,1937400
SRPT,31-Jan-2018,64.85,66.92,64.85,65.54,1036400
SRRA,31-Jan-2018,131.2,132.8,120.8,122,830100
SRTS,31-Jan-2018,5.42,5.48,5.42,5.45,1300
SSB,31-Jan-2018,89.1,89.1,88.05,88.6,135400
SSBI,31-Jan-2018,12.76,12.9,12.76,12.87,4400
SSKN,31-Jan-2018,1.37,1.42,1.35,1.38,39900
SSNC,31-Jan-2018,50.17,50.73,49.955,50.28,1382500
SSNT,31-Jan-2018,4,4.03,4,4.02,2200
SSRM,31-Jan-2018,8.57,8.7,8.42,8.65,1183800
SSTI,31-Jan-2018,17.1,17.55,16.6,16.93,63600
SSYS,31-Jan-2018,21.5,21.76,21.19,21.39,360200
STAA,31-Jan-2018,16.15,16.2,15.4,15.7,109500
STAF,31-Jan-2018,3.54,3.68,3.46,3.64,78200
STBA,31-Jan-2018,40.66,40.97,40.21,40.36,63600
STFC,31-Jan-2018,30.09,30.26,29.655,29.77,27100
STKL,31-Jan-2018,7.55,7.55,7.35,7.4,198400
STKS,31-Jan-2018,2.25,2.28,2.2,2.22,41900
STLD,31-Jan-2018,46.82,47.35,45.11,45.4,2848800
STRA,31-Jan-2018,93.13,93.27,90.88,92.48,100000
STRL,31-Jan-2018,14.41,14.54,13.94,13.95,255700
STRM,31-Jan-2018,1.86,1.93,1.75,1.78,172800
STRS,31-Jan-2018,31,31.05,30.4,30.6,7400
STRT,31-Jan-2018,38.05,38.995,38.05,38.55,6000
STX,31-Jan-2018,55.15,56.45,55.07,55.2,5110200
SUMR,31-Jan-2018,11.34,11.7,11.25,11.34,55200
SUNS,31-Jan-2018,17.67,17.94,17.205,17.32,75400
SUNW,31-Jan-2018,7.91,7.98,7.7,7.77,149000
SUPN,31-Jan-2018,40.5,41.05,38.4,39.05,823200
SUSB,31-Jan-2018,24.84,24.84,24.83,24.84,3100
SUSC,31-Jan-2018,25.24,25.24,25.21,25.22,4200
SVBI,31-Jan-2018,8,8.1,7.95,8.03,10300
SVRA,31-Jan-2018,11.69,11.9,11.48,11.86,139400
SVVC,31-Jan-2018,10.19,10.28,10.065,10.11,25300
SWIR,31-Jan-2018,19.35,19.566,19.075,19.35,219000
SWKS,31-Jan-2018,98.75,99.1,96.26,97.21,3235500
SYBT,31-Jan-2018,36.7,36.7,35.95,35.95,48300
SYBX,31-Jan-2018,9.8,10.23,9.62,9.97,373700
SYNA,31-Jan-2018,44.5,45.29,42.94,43.34,940400
SYNH,31-Jan-2018,39.4,40.5,37.85,38.35,983300
SYNL,31-Jan-2018,13.55,13.78,13.55,13.7,4900
SYPR,31-Jan-2018,1.4,1.4,1.35,1.38,23600
SYRS,31-Jan-2018,9.58,9.8,9.18,9.58,2431600
TA,31-Jan-2018,4.35,4.5,4.275,4.4,320900
TACO,31-Jan-2018,12.85,12.88,12.51,12.67,227500
TACT,31-Jan-2018,15.45,15.45,14.75,15,18800
TAIT,31-Jan-2018,1.61,1.62,1.6,1.6,5700
TANH,31-Jan-2018,2.7,2.77,2.65,2.72,608900
TANNI,31-Jan-2018,24.95,24.95,24.75,24.83,4800
TANNL,31-Jan-2018,24.95,24.95,24.62,24.72,14300
TANNZ,31-Jan-2018,24.53,24.9,24.53,24.87,5000
TAST,31-Jan-2018,12.8,12.9,12.45,12.45,172100
TATT,31-Jan-2018,10.3,10.3,10.3,10.3,700
TAYD,31-Jan-2018,11.64,11.74,11.26,11.68,4000
TBBK,31-Jan-2018,10.49,10.79,10.4,10.57,240700
TBK,31-Jan-2018,38.85,39.15,38.45,38.5,82600
TBNK,31-Jan-2018,30.56,30.62,30.25,30.28,16000
TBPH,31-Jan-2018,27.12,27.41,26.32,26.44,166300
TCBI,31-Jan-2018,96,97.1,94.65,94.8,549600
TCBK,31-Jan-2018,37.34,38.49,36.66,36.98,95900
TCFC,31-Jan-2018,36.58,36.84,36.58,36.84,1600
TCMD,31-Jan-2018,32.34,32.57,31.46,31.53,191900
TCON,31-Jan-2018,30.5,31,29,29,116400
TCPC,31-Jan-2018,15.27,15.35,15.04,15.09,298400
TCX,31-Jan-2018,53.65,54.5,53.45,54.2,66600
TDIV,31-Jan-2018,37.28,37.32,37,37.19,47000
TEAM,31-Jan-2018,53.78,54.53,53.36,53.99,606300
TECH,31-Jan-2018,141.18,142.4,139.85,140.29,213100
TEDU,31-Jan-2018,13.42,13.55,13.27,13.38,85700
TELL,31-Jan-2018,11.4,11.51,11.28,11.35,725600
TENX,31-Jan-2018,6.4,6.8,6.4,6.6,296900
TESS,31-Jan-2018,22.4,23,21.5,21.95,37000
TFSL,31-Jan-2018,14.53,14.99,14.52,14.62,296800
TGA,31-Jan-2018,1.4,1.48,1.38,1.47,118600
TGLS,31-Jan-2018,9.19,9.34,8.95,8.95,23900
TGTX,31-Jan-2018,11.85,12.1,11.5,11.5,1037800
THFF,31-Jan-2018,47.67,47.67,46,46.3,13200
THRM,31-Jan-2018,32,32.3,31.8,32,128900
TIG,31-Jan-2018,42.65,43.33,42.65,43.33,2000
TIL,31-Jan-2018,4.2,4.2,4.2,4.2,300
TILE,31-Jan-2018,25.5,25.6,24.9,24.95,647700
TIPT,31-Jan-2018,6.25,6.25,6.15,6.15,10400
TITN,31-Jan-2018,21.83,21.88,21.285,21.49,146300
TLGT,31-Jan-2018,31.9,32,30.4,30.5,516000
TLT,31-Jan-2018,122.87,122.93,121.94,122.73,18045000
TMUS,31-Jan-2018,64.54,65.32,64.27,65.1,2164800
TNDM,31-Jan-2018,2.8,2.94,2.74,2.78,213000
TNXP,31-Jan-2018,406,406,350,358,173700
TOPS,31-Jan-2018,1050,1100,1000,1050,6038800
TOUR,31-Jan-2018,8.23,8.23,8.11,8.13,119400
TOWN,31-Jan-2018,31.5,31.5,30.5,30.55,246200
TPIC,31-Jan-2018,20.11,20.39,19.96,20.08,77800
TQQQ,31-Jan-2018,59.35,59.6867,58,59.05,4624800
TREE,31-Jan-2018,371.65,379.95,363.3,367.85,134000
TRHC,31-Jan-2018,36.19,36.43,35.36,35.83,107600
TRIB,31-Jan-2018,5.42,5.61,5.39,5.54,14100
TRIL,31-Jan-2018,8.15,8.5,7.9,8.15,196500
TRIP,31-Jan-2018,34.99,35.14,34.09,34.67,2665900
TRMB,31-Jan-2018,44.5,44.73,44.01,44.1,940900
TRMK,31-Jan-2018,32.13,32.32,31.73,31.79,253800
TRNS,31-Jan-2018,15.8,16,15.5,15.7,42500
TROW,31-Jan-2018,112.46,112.725,110.39,111.63,4146900
TRS,31-Jan-2018,27.15,27.25,26.6,26.6,171000
TRST,31-Jan-2018,8.65,8.75,8.6,8.6,225000
TRUE,31-Jan-2018,11.95,12,11.76,11.79,472500
TRUP,31-Jan-2018,35.17,36.49,34.92,34.92,229100
TRVG,31-Jan-2018,8.64,8.8,7.94,8.15,1113300
TRVN,31-Jan-2018,1.74,1.74,1.62,1.63,553100
TSBK,31-Jan-2018,27.99,28.1,27.69,27.9,13300
TSC,31-Jan-2018,24.35,24.55,24.05,24.05,54700
TSCO,31-Jan-2018,78.08,78.65,75.82,76.25,2873500
TSEM,31-Jan-2018,35.12,35.4,34.39,34.74,653200
TSLA,31-Jan-2018,69.502,71.238,69.038,70.862,6214000
TSRI,31-Jan-2018,6.51,6.8,6.43,6.75,13100
TTD,31-Jan-2018,49.11,49.365,47.62,48.48,775200
TTEC,31-Jan-2018,39.95,40.4,39.35,39.7,53300
TTEK,31-Jan-2018,49.8,50.35,49.1,49.7,338100
TTGT,31-Jan-2018,15.739,15.805,15.55,15.68,239300
TTMI,31-Jan-2018,17.09,17.19,16.49,16.49,826300
TTNP,31-Jan-2018,8.1,8.1,7.8,7.8,13300
TTOO,31-Jan-2018,4.95,4.99,4.72,4.95,167300
TTWO,31-Jan-2018,120.99,127.77,120.99,126.67,3753100
TUR,31-Jan-2018,46.04,46.14,45.14,45.5,291500
TURN,31-Jan-2018,1.96,2,1.96,1.99,125300
TUSA,31-Jan-2018,34.38,34.42,34.215,34.251,1000
TUSK,31-Jan-2018,22.72,23.22,22.56,22.96,186600
TVTY,31-Jan-2018,38.85,39.05,38.3,38.75,342600
TWIN,31-Jan-2018,30.42,31.18,29.02,29.48,71400
TWNK,31-Jan-2018,13.88,13.98,13.73,13.8,610800
TWNKW,31-Jan-2018,2,2,1.95,1.97,6600
TWOU,31-Jan-2018,75.62,76.495,74,74.27,267100
TXMD,31-Jan-2018,6.16,6.2,5.87,5.88,1947200
TXN,31-Jan-2018,110.98,110.99,108.3,109.67,7362500
TXRH,31-Jan-2018,59.48,59.94,58.39,58.72,551700
TYHT,31-Jan-2018,19.08,19.08,17.19,17.82,150800
TYME,31-Jan-2018,4.56,4.62,4.24,4.36,163900
TZOO,31-Jan-2018,6.25,6.3,6.175,6.2,4800
UAE,31-Jan-2018,17.68,17.68,17.56,17.57,3200
UBCP,31-Jan-2018,12.9,12.9,12.89,12.89,400
UBFO,31-Jan-2018,11.3,11.3,11,11.05,9100
UBOH,31-Jan-2018,21.925,22.15,21.925,22.15,3800
UBSI,31-Jan-2018,36.8,36.9,36.3,36.8,3331800
UCBI,31-Jan-2018,31.9,32,31.6,31.68,235100
UCTT,31-Jan-2018,21.83,22.65,21.53,21.69,5460700
UEIC,31-Jan-2018,46.8,46.8,45.35,46.1,73500
UEPS,31-Jan-2018,11.74,12.08,11.73,12.03,483900
UFCS,31-Jan-2018,43.85,44.25,43.27,43.39,37000
UFPI,31-Jan-2018,38.48,38.48,37.21,37.33,307200
UFPT,31-Jan-2018,29.3,29.5,28.85,29.15,14500
UG,31-Jan-2018,18.1,18.42,18.1,18.42,1300
UHAL,31-Jan-2018,371.33,374.03,363.125,365.08,107000
UIHC,31-Jan-2018,19.33,19.52,19.18,19.32,83500
ULBI,31-Jan-2018,7,7.06,6.75,6.8,21600
ULH,31-Jan-2018,23.45,23.8,23.25,23.25,23800
ULTA,31-Jan-2018,226.46,226.89,221.02,222.1,989500
UMBF,31-Jan-2018,76.89,77.04,76,76.18,194700
UMPQ,31-Jan-2018,21.77,21.96,21.625,21.65,1405500
UNAM,31-Jan-2018,8.4,8.4,8.25,8.4,3000
UNB,31-Jan-2018,54.25,54.5,53.3,54.05,4700
UNIT,31-Jan-2018,15.9,16.14,15.75,15.83,2524900
UNTY,31-Jan-2018,20.1,20.65,20.1,20.55,4200
UONE,31-Jan-2018,1.85,1.85,1.85,1.85,0
UONEK,31-Jan-2018,1.8,1.95,1.8,1.85,13200
UPLD,31-Jan-2018,23.1,23.33,22.9,23.13,88600
URBN,31-Jan-2018,34.51,34.7,33.5,34.11,2370800
URGN,31-Jan-2018,51.03,53.51,48.61,49.12,83000
USAK,31-Jan-2018,19.81,20.21,19.75,20.16,53500
USAP,31-Jan-2018,25.25,26.7,23.96,25.77,71500
USAU,31-Jan-2018,28.7,28.7,25,25.5,579300
USEG,31-Jan-2018,16,16,15,15.2,35100
USLB,31-Jan-2018,31.94,31.95,31.77,31.81,66200
USLM,31-Jan-2018,76.69,76.78,75.25,76.75,10300
USMC,31-Jan-2018,27.69,27.69,27.54,27.56,903600
USOI,31-Jan-2018,27.97,27.97,27.94,27.94,1100
UTHR,31-Jan-2018,136.67,137.32,128.79,129,670500
UTMD,31-Jan-2018,91.2,94,88.9,90.1,12800
UTSI,31-Jan-2018,5.9,5.93,5.8,5.9,49500
UVSP,31-Jan-2018,27.95,28.2,27.8,28,108700
VALU,31-Jan-2018,20.4,20.405,19.22,19.23,20000
VBFC,31-Jan-2018,30.5,30.5,30.5,30.5,0
VBIV,31-Jan-2018,4,4.05,3.96,4,81600
VBLT,31-Jan-2018,7.3,7.325,7.05,7.15,59600
VBTX,31-Jan-2018,28.73,28.89,28.27,28.51,262700
VC,31-Jan-2018,132.08,134.03,129.63,130.08,242700
VCEL,31-Jan-2018,7.35,7.75,7.2,7.7,1133300
VCIT,31-Jan-2018,86.44,86.47,86.15,86.38,1555100
VCLT,31-Jan-2018,94.68,94.76,94.19,94.7,164700
VCSH,31-Jan-2018,79.06,79.08,79,79.03,1263800
VCYT,31-Jan-2018,6.55,6.57,6.3,6.39,68600
VECO,31-Jan-2018,16.95,17.1,16.25,16.65,559300
VEON,31-Jan-2018,3.79,3.87,3.79,3.8,2671600
VERI,31-Jan-2018,23.3,23.37,17.55,17.75,1256500
VERU,31-Jan-2018,1.25,1.25,1.19,1.19,35300
VGIT,31-Jan-2018,63.07,63.1,62.93,63.01,398000
VGLT,31-Jan-2018,75.53,75.59,75.04,75.51,126600
VGSH,31-Jan-2018,60.11,60.15,60.07,60.09,332300
VIA,31-Jan-2018,38.45,39.35,38.365,38.95,40700
VIAV,31-Jan-2018,8.61,8.69,8.51,8.58,1520500
VICR,31-Jan-2018,18.9,19.15,18.3,18.3,81600
VIGI,31-Jan-2018,69.28,69.39,68.64,68.89,171800
VIRC,31-Jan-2018,4.75,4.75,4.7,4.7,5500
VIRT,31-Jan-2018,19.15,19.3,19,19.1,373900
VIVE,31-Jan-2018,442,459,420,430,181100
VIVO,31-Jan-2018,16.05,16.2,15.525,15.65,218400
VKTX,31-Jan-2018,5.35,5.45,5.05,5.31,950600
VLGEA,31-Jan-2018,23.71,23.71,23.37,23.48,24200
VMBS,31-Jan-2018,51.9,51.95,51.79,51.85,441100
VNDA,31-Jan-2018,16.3,16.5,15.85,15.85,378200
VNET,31-Jan-2018,9.01,9.13,8.92,9.11,333600
VNOM,31-Jan-2018,24.52,24.63,23.94,24.19,291100
VNQI,31-Jan-2018,63.93,64.05,63.62,63.82,501900
VOD,31-Jan-2018,32.14,32.3,32.02,32.22,2314800
VONE,31-Jan-2018,129.66,129.76,128.71,129.28,34000
VONG,31-Jan-2018,148.39,148.43,147.13,147.71,48300
VONV,31-Jan-2018,113.13,113.19,112.18,112.66,49100
VOXX,31-Jan-2018,6.2,6.295,5.9,5.95,105800
VRA,31-Jan-2018,9.38,9.45,9.25,9.29,225400
VRAY,31-Jan-2018,9.29,9.34,8.9,8.93,564900
VREX,31-Jan-2018,42.98,43.68,42.24,42.47,425100
VRIG,31-Jan-2018,25.24,25.24,25.2,25.22,125400
VRNA,31-Jan-2018,12.5,12.59,12.415,12.45,2900
VRNS,31-Jan-2018,54.9,55.2,54.1,54.3,142100
VRNT,31-Jan-2018,41.85,42.575,41.6,41.75,246800
VRSK,31-Jan-2018,99.17,100.54,98.72,100.05,1264500
VRSN,31-Jan-2018,112.35,115.32,112.22,114.92,938900
VRTS,31-Jan-2018,128.75,128.75,125.525,128,63400
VRTX,31-Jan-2018,166.72,168.585,164.53,166.87,2323800
VSAT,31-Jan-2018,76.04,76.62,75.57,75.62,372000
VSDA,31-Jan-2018,29.41,29.42,29.395,29.41,2500
VSEC,31-Jan-2018,49.36,50.07,48.51,49.55,16200
VSMV,31-Jan-2018,28.77,28.77,28.77,28.77,400
VSTM,31-Jan-2018,3.61,3.76,3.49,3.55,701900
VTC,31-Jan-2018,84.3,84.31,84.06,84.27,9600
VTGN,31-Jan-2018,1.32,1.33,1.21,1.23,799700
VTHR,31-Jan-2018,129.54,129.65,128.75,128.75,6200
VTIP,31-Jan-2018,48.68,48.68,48.63,48.65,3016000
VTNR,31-Jan-2018,1.05,1.1,1.02,1.02,70200
VTVT,31-Jan-2018,7.69,8.4,7.69,7.76,280800
VTWG,31-Jan-2018,142.2,142.62,140.4,140.71,8300
VTWO,31-Jan-2018,126.93,127.04,125.21,125.57,46900
VTWV,31-Jan-2018,111.41,111.41,110.49,110.62,7400
VUZI,31-Jan-2018,9.2,9.35,8.85,9.1,770600
VVPR,31-Jan-2018,2.63,2.65,2.63,2.63,1200
VWOB,31-Jan-2018,79.99,80,79.76,79.9,108500
VXUS,31-Jan-2018,60.35,60.36,59.9,60.06,936300
VYGR,31-Jan-2018,21.45,21.67,20.18,20.64,342600
VYMI,31-Jan-2018,71.39,71.39,70.8,70.94,104600
WABC,31-Jan-2018,60.01,60.1,59.22,59.37,125200
WAFD,31-Jan-2018,36.35,36.55,35.775,35.9,296500
WASH,31-Jan-2018,53.75,54.65,53.6,53.8,39600
WATT,31-Jan-2018,19.98,21,18,18.58,3832000
WB,31-Jan-2018,131.57,131.91,129.1,129.57,1279400
WBA,31-Jan-2018,76.7,76.89,74.91,75.26,6742400
WDAY,31-Jan-2018,120.7,121.98,119.16,119.89,1356100
WDC,31-Jan-2018,89.18,91.19,88.67,88.98,8524300
WDFC,31-Jan-2018,125.3,125.4,123.3,123.75,53300
WEN,31-Jan-2018,16.13,16.39,16.11,16.18,2968600
WERN,31-Jan-2018,41.05,42.35,40,40.7,1228300
WETF,31-Jan-2018,11.8,11.96,11.59,11.59,2008900
WEYS,31-Jan-2018,31.9,32.82,30.81,30.98,23600
WHF,31-Jan-2018,13.1,13.1,12.97,12.99,40900
WHLM,31-Jan-2018,6.5,6.6,6.47,6.5,3600
WHLR,31-Jan-2018,7,7,6.31,6.39,239600
WHLRD,31-Jan-2018,17.47,17.5,17.25,17.5,56000
WHLRP,31-Jan-2018,17.5,17.55,17.27,17.27,3500
WILC,31-Jan-2018,6.61,6.72,6.54,6.66,9500
WINA,31-Jan-2018,133.85,135.7,131.6,134,7200
WING,31-Jan-2018,48.59,49.69,47.96,48.36,719800
WIRE,31-Jan-2018,50.8,51,50.3,50.6,87100
WIX,31-Jan-2018,60.5,61.2,59.65,61.05,261200
WKHS,31-Jan-2018,3.14,3.17,3.03,3.04,179400
WLDN,31-Jan-2018,23.23,23.23,22.59,22.66,34100
WLFC,31-Jan-2018,27.13,27.14,26.88,27,18100
WLTW,31-Jan-2018,160.82,162.04,159.79,160.47,629200
WNEB,31-Jan-2018,11,11.05,10.7,10.85,56700
WOOD,31-Jan-2018,77.11,77.16,76.27,76.6,28900
WPRT,31-Jan-2018,2.97,3,2.825,2.85,1030400
WRLD,31-Jan-2018,115.43,121.17,115.19,118.05,123900
WSBC,31-Jan-2018,41.38,41.76,41.01,41.01,78600
WSBF,31-Jan-2018,17.15,17.2,17,17.1,42300
WSC,31-Jan-2018,12.25,12.55,11.6,12.35,70800
WSFS,31-Jan-2018,51.55,51.65,50.9,51.1,51500
WSTG,31-Jan-2018,14.6,14.65,14.4,14.55,4600
WTBA,31-Jan-2018,26,26,25.4,25.6,45500
WTFC,31-Jan-2018,86.3,86.66,85.67,85.9,312500
WTFCM,31-Jan-2018,27.09,27.4,26.97,27.22,10100
WVE,31-Jan-2018,40.1,41.15,39.5,40,109300
WVFC,31-Jan-2018,16.55,17.05,16.48,16.9,3700
WVVI,31-Jan-2018,8.125,8.203,8.05,8.05,12200
WVVIP,31-Jan-2018,4.65,4.65,4.55,4.6,3500
WWD,31-Jan-2018,74.63,78.89,73.345,77.52,1779500
WYNN,31-Jan-2018,173.27,176.98,162.6,165.59,11253100
XBIO,31-Jan-2018,27,27.78,25.08,25.08,15900
XBIT,31-Jan-2018,5,5,4.86,4.92,46100
XEL,31-Jan-2018,45.17,45.69,44.93,45.64,3526800
XELA,31-Jan-2018,5.89,5.93,5.7,5.71,2015900
XELB,31-Jan-2018,3.1,3.45,3.095,3.45,6100
XENE,31-Jan-2018,3.15,3.2,3.11,3.2,86400
XENT,31-Jan-2018,37.1,37.6,36.7,37.35,238300
XLNX,31-Jan-2018,72.7,73.21,71.92,73.02,2810300
XLRN,31-Jan-2018,43.34,43.605,41.49,41.51,227200
XNCR,31-Jan-2018,23.37,23.77,22.555,22.76,140800
XNET,31-Jan-2018,15.5,15.87,15.12,15.33,1595700
XOG,31-Jan-2018,14.39,14.61,13.52,14.1,1827800
XOMA,31-Jan-2018,33.4,34.28,32.58,32.9,94600
XONE,31-Jan-2018,9.81,10.03,9.68,9.82,50100
XPER,31-Jan-2018,23,23.35,22.4,22.45,284900
XRAY,31-Jan-2018,61.5,61.5,60.33,60.81,1918000
XSPA,31-Jan-2018,66.6,66.6,55.8,61.8,975300
XT,31-Jan-2018,38.11,38.17,37.765,37.88,157700
XTLB,31-Jan-2018,2.25,2.25,2.18,2.22,5100
YLDE,31-Jan-2018,28.69,28.69,28.69,28.69,500
YNDX,31-Jan-2018,38.64,39.06,38.18,38.73,3095700
YORW,31-Jan-2018,31.8,32,31.5,31.65,25800
YTEN,31-Jan-2018,77.2,78.8,70,72,550100
YTRA,31-Jan-2018,6.95,6.95,6.44,6.63,550100
YY,31-Jan-2018,134.91,135.92,130.88,132.96,703500
Z,31-Jan-2018,45.25,45.34,44.25,44.46,793900
ZBRA,31-Jan-2018,125.55,125.95,122.83,123.16,214700
ZEAL,31-Jan-2018,16.83,17.23,16.82,16.87,36800
ZEUS,31-Jan-2018,23.58,23.76,22.45,23.31,185100
ZG,31-Jan-2018,45.24,45.54,44.52,44.79,229400
ZGNX,31-Jan-2018,37.45,37.45,36.225,36.35,308600
ZION,31-Jan-2018,53.96,54.86,53.87,54.03,2244100
ZIOP,31-Jan-2018,4.26,4.32,3.94,3.94,2778100
ZIXI,31-Jan-2018,4.3,4.34,4.21,4.23,144600
ZKIN,31-Jan-2018,10.24,10.43,8.42,8.76,187000
ZLAB,31-Jan-2018,25.16,26.97,24.85,26.96,376800
ZNGA,31-Jan-2018,3.6,3.65,3.565,3.58,9362300
ZSAN,31-Jan-2018,6.63,7.95,6.41,6.99,333800
ZUMZ,31-Jan-2018,21.25,21.55,20.45,20.75,367400
ZYNE,31-Jan-2018,12.36,12.695,12.046,12.09,263700
